5.039760641883630488e-01
5.099882934164625681e-01
5.177040671419426143e-01
5.460431567396931696e-01
4.978883156789232767e-01
5.082279705454197938e-01
5.408566073524497808e-01
4.979624195292401412e-01
5.051455222799324796e-01
5.444244951032406465e-01
4.996199423154740749e-01
5.145933486137177493e-01
5.066389926408788602e-01
5.217440565785810280e-01
5.027371863903100646e-01
5.366712165920869415e-01
5.327422085468557222e-01
5.047205891692208013e-01
5.073334218457169476e-01
5.138726988067128243e-01
4.948471416150812541e-01
5.327309923622987053e-01
5.098586652892478366e-01
5.414523170295058030e-01
5.020558211601354737e-01
5.649626025322680434e-01
5.054860758411714450e-01
5.552539719616110814e-01
5.196679581141526727e-01
5.432833510584041958e-01
4.960883979039170666e-01
5.026564269599183010e-01
4.948756279283575976e-01
5.556121696382356756e-01
4.966891651518175466e-01
5.083096315306602220e-01
5.337933473060133549e-01
5.573902741671062921e-01
5.020806064194657248e-01
5.124080581240186838e-01
5.631005010690355306e-01
5.145565741659752224e-01
5.223678654275130118e-01
5.496189628429704044e-01
4.994721135409692647e-01
5.383164864420162399e-01
4.973690358201204864e-01
5.217959716338511633e-01
4.987780214632658859e-01
4.929687210122073449e-01
5.169919991974295526e-01
4.986939142370350186e-01
4.975031360126744850e-01
5.256805329404394822e-01
5.064967859031777042e-01
5.292640242158379582e-01
5.087648217352830349e-01
5.208695638907342440e-01
5.025482232239236735e-01
5.701894357940364699e-01
4.985763360622751383e-01
5.204753275745382934e-01
5.126334229692584010e-01
5.391423618941689755e-01
5.007631583260057084e-01
5.022090386324834510e-01
4.982625418681738694e-01
5.521080390053934028e-01
3.244904988975125804e-01
3.577796949462277998e-01
3.304335065912671343e-01
3.813479760102932992e-01
3.052281347455677585e-01
3.452363872155531088e-01
3.316905251324439585e-01
3.171715682774641776e-01
3.624188074942522042e-01
3.651347913032204073e-01
3.252053493358031400e-01
3.788155386779357148e-01
3.261005368545871752e-01
3.432685264706313855e-01
3.134120771171677311e-01
3.673859983490919690e-01
3.423388315074466504e-01
3.157427503093574450e-01
3.371608401923537612e-01
3.722286152312329621e-01
3.464616820491357996e-01
3.880642506001811265e-01
3.433621486764862896e-01
3.402351243623769617e-01
3.197067831863223408e-01
3.463804984058014291e-01
3.215531921019741390e-01
3.341402680544638404e-01
3.411083408963689334e-01
3.437722625915276553e-01
3.034073631600866516e-01
3.043115926632002366e-01
3.185319838550461635e-01
3.797457639813806574e-01
3.257665056751093968e-01
3.550377294810566076e-01
3.377824273017588919e-01
3.761802952154845725e-01
2.960830268775782592e-01
3.491931604696894009e-01
3.425921903032472238e-01
3.352829403644744799e-01
3.703553768137877178e-01
3.702098941516858144e-01
3.328845940431538475e-01
3.955215704704602708e-01
3.272297859780762819e-01
3.439139293869680758e-01
3.224663675328477974e-01
3.593086282142359256e-01
3.574652184267554933e-01
3.194451078895974572e-01
3.315168417570277803e-01
3.717370851314987235e-01
3.445851062975796575e-01
3.860874194656478964e-01
3.418510876258247233e-01
3.454297067302476432e-01
3.209663373149395094e-01
3.518426053763238914e-01
3.194554481214648134e-01
3.409884705935820048e-01
3.424970827986751898e-01
3.462938492059916551e-01
3.142633929202872101e-01
3.122539837655133876e-01
3.126246969661674591e-01
3.821021459042041601e-01
1.493709679994883688e+00
9.957049069777479302e-04
2.510484498303404699e-01
