5.004959928724113105e-01
4.911086658788015313e-01
5.376313413940478902e-01
4.871217489340529117e-01
4.952352984126152102e-01
5.170082655930672288e-01
4.940746997263842921e-01
5.076113936807600258e-01
4.902381634319223358e-01
4.883195023670565127e-01
4.985563311845109813e-01
4.909176700421399309e-01
4.931638246480752885e-01
5.031891168858950714e-01
4.963365599714080201e-01
5.287722277944807425e-01
5.360985961049697934e-01
4.978875455586547205e-01
4.929746127687669732e-01
4.974476083407123883e-01
5.374329032284905772e-01
4.882155466218607853e-01
5.392895056467652548e-01
5.533633568084485033e-01
4.956796254913089506e-01
5.047441834734215371e-01
5.460173845669110682e-01
5.878837298062322692e-01
5.030543049754790941e-01
5.010180608836959371e-01
5.010185236883336612e-01
5.002620726332887013e-01
5.048404684848738500e-01
4.891296443957669493e-01
4.947127253337043618e-01
5.076010209531570672e-01
5.282616392230969904e-01
5.110167002190576513e-01
5.013765072338945972e-01
5.188201539156285236e-01
5.538757122799229382e-01
5.217038547090763201e-01
5.275057582400320966e-01
5.187801039321576768e-01
5.200680445361833826e-01
5.393172820642979648e-01
5.040188403552778862e-01
5.313441653472020798e-01
5.008116045129182847e-01
5.363142628776121912e-01
5.083500516611098030e-01
5.161409928285681792e-01
5.302541371579969631e-01
4.960642976642128943e-01
5.373086802260292894e-01
5.124883759711662545e-01
5.865456761363425642e-01
6.643652951824794428e-01
5.094156169494452602e-01
5.363321240249484534e-01
5.671444910293860220e-01
6.202125783102819812e-01
5.282792439940666718e-01
5.679894793065725089e-01
5.042889295809667161e-01
5.086234183528156594e-01
5.037988938841797548e-01
5.270831153658559476e-01
3.371154636890502654e-01
2.871567003786361094e-01
3.500285764020677481e-01
2.792310302808166389e-01
2.860932939072681758e-01
3.612232316095494444e-01
3.420046940138339875e-01
3.446009312391065671e-01
2.868161379437568215e-01
2.730711604504865719e-01
3.113829709652083388e-01
2.737834287275617284e-01
2.815611716663521391e-01
3.411723587734382668e-01
2.878774406216004222e-01
3.546459163155896710e-01
3.442753736582845336e-01
3.020647333961276049e-01
2.915490339623768579e-01
2.871904884272459824e-01
3.432198445905920159e-01
3.474794645620012945e-01
3.249455669173226813e-01
3.465977865524922930e-01
2.885584193045130363e-01
3.281325471329710197e-01
3.302760433924310512e-01
3.440516726161923500e-01
3.359496433767654167e-01
3.162192668341177737e-01
2.994436164292378355e-01
2.993472580943350447e-01
3.228664136049052558e-01
2.518126592397987307e-01
3.058278304568890493e-01
3.670226122175543892e-01
3.619034867632507368e-01
3.787280529595923317e-01
3.068644884466359968e-01
3.493967668177379582e-01
3.494415968618195256e-01
3.475243007617181967e-01
3.722718976675543634e-01
3.807026374670514079e-01
3.502837056179595732e-01
4.029854090115567722e-01
3.382519068812945839e-01
3.690688612565312665e-01
3.208028455223383979e-01
3.399455184698519372e-01
3.517094697357169286e-01
3.622612634530486542e-01
3.574063575687242422e-01
2.894141806024421726e-01
3.326990024113760103e-01
3.510201790592821225e-01
3.301149087735655852e-01
3.420956522270240385e-01
3.530479845675265627e-01
3.527170466201752230e-01
2.921261218785698999e-01
3.375614205924249434e-01
3.426185802191614171e-01
3.415694338668925911e-01
3.538544505190483469e-01
3.445947846678389381e-01
3.272852591821678869e-01
3.504589952277915033e-01
1.467466017082112995e+00
1.015813691507883683e-03
2.773828061623788144e-01
