5.439942633931320604e-01
5.363735346644864510e-01
4.402232923308927459e-01
5.885946273007429674e-01
4.816227234752867292e-01
5.364871773561911139e-01
5.371545739624143945e-01
5.605634811703577025e-01
5.536491582836655656e-01
6.411322059506263660e-01
5.070981298037953167e-01
4.835079142005195840e-01
5.910774162206758886e-01
5.952044406211633998e-01
5.365328689005529617e-01
5.202059486989493164e-01
5.579868378999809364e-01
5.354053712822554045e-01
5.305952939269930058e-01
4.866541514732792839e-01
4.677655439114647429e-01
5.682947341035367028e-01
5.299285491595874253e-01
5.282615544391829898e-01
5.466683753478097652e-01
6.162654749781553143e-01
5.341156377564054702e-01
5.897405366020306294e-01
5.788073594139916400e-01
5.972286958750167019e-01
5.147120440382190187e-01
5.291253935480300097e-01
5.235482465015998121e-01
6.212189491205999392e-01
5.471429264912760493e-01
5.945296740056321694e-01
5.269205385733375380e-01
5.957290118251538091e-01
5.118621457759022775e-01
5.234333737631794436e-01
3.905196034957853501e-01
5.467061664512713470e-01
6.340068060834953556e-01
6.273398250130073350e-01
5.363318303100051976e-01
4.844594187978730759e-01
5.987948175913010429e-01
5.667246601148975271e-01
5.244954963434163009e-01
6.064083301174576501e-01
6.430375228956817235e-01
5.455345468225684114e-01
6.253411020354009420e-01
4.992668011169705267e-01
5.320891619854370980e-01
6.075975995980552602e-01
6.268554348515934516e-01
5.518333697000424864e-01
5.640433333293799478e-01
7.048188286861780671e-01
5.816902446420135764e-01
6.130717487585264358e-01
5.734028700768599718e-01
5.834330306360979712e-01
5.776410119111363706e-01
4.965971941991347838e-01
5.445152353549786994e-01
6.429720216695303803e-01
3.546022345722253388e-01
3.589169568147227984e-01
3.590632842475430242e-01
3.487485487516719940e-01
3.117129078192500402e-01
3.503699923750481227e-01
3.426897337691738321e-01
3.461538210173241148e-01
3.469849122429694011e-01
3.355469729929205225e-01
3.565865632888254866e-01
3.335248754067927646e-01
3.476472932526351034e-01
3.352285472648026121e-01
3.584248665872972195e-01
3.492844736790290949e-01
3.456133762305850232e-01
3.495540054097331928e-01
3.596221090826177691e-01
3.474170863046168733e-01
3.368577228043422300e-01
3.495044966271925180e-01
3.353539130324612039e-01
3.468394459234846461e-01
3.534172943212691709e-01
3.344720252122765358e-01
3.391706024610011139e-01
3.133572033662762046e-01
3.452050388919497004e-01
3.450035025912404074e-01
3.556053884539441823e-01
3.497198607420278771e-01
3.709966636986752331e-01
3.391547594037617186e-01
3.616116298520997696e-01
3.466152038529184409e-01
4.232498828509811406e-01
3.458532170843043319e-01
3.641995512503704568e-01
3.399236106973156368e-01
3.494574539822651871e-01
3.547121204742979539e-01
3.466746136336008588e-01
3.340864694576833327e-01
3.531888073641132886e-01
3.400561108290723333e-01
3.492617174563085736e-01
3.417692324778793811e-01
3.500176506678178145e-01
3.371572426227714137e-01
3.429352250325303220e-01
3.478330039633643622e-01
3.432950720923813592e-01
3.386615925849220665e-01
3.438565633915877662e-01
3.467623592953471001e-01
3.086395041049316834e-01
3.325827594599720660e-01
3.421176262371988797e-01
3.237578264768495306e-01
2.739030249337645606e-01
3.180574291381876861e-01
3.415529573872272406e-01
3.428887455266423356e-01
3.425751980956044940e-01
3.861382762283552261e-01
3.600389343338779580e-01
3.281140796077380295e-01
1.620572557128262980e+00
1.031911361784964339e-03
3.009444058705085800e-01
