5.120178340381258408e-01
4.908337487983874259e-01
5.265006118013391134e-01
4.867297226444684544e-01
4.949347721069851658e-01
5.374686180024073057e-01
5.558599929287074692e-01
5.689372878954147561e-01
4.870889774558038732e-01
4.857344084194708533e-01
4.952770653011007163e-01
4.875940925311902929e-01
4.903432438502748902e-01
5.057331641286754165e-01
4.950493259429277759e-01
5.672034207768889003e-01
5.531263379517643575e-01
4.979713740131423982e-01
4.920360770399430650e-01
5.004287858223707142e-01
6.309126792959770524e-01
5.619073458677524835e-01
5.320022134677353520e-01
5.695263994136415819e-01
4.925971820131182510e-01
5.598856116357577850e-01
5.112451957379257061e-01
5.835337794938680878e-01
5.919914733013615926e-01
5.149932993641285206e-01
5.421854481866127395e-01
4.984128063841100631e-01
5.093687968934095256e-01
4.882480551514125078e-01
4.934137882894325533e-01
5.871510212486945601e-01
5.606466065424541290e-01
5.210527370921423929e-01
5.108490709391199092e-01
5.097139767650277209e-01
5.059389269863571181e-01
5.382266821592890382e-01
5.646897769363334874e-01
5.168787962009033787e-01
5.318425960697670263e-01
5.354102634107951175e-01
5.498259611350893028e-01
4.908077009875977392e-01
4.996354728404071577e-01
5.948333188886318901e-01
5.939955911193652849e-01
5.340307294630036727e-01
5.437496895159157351e-01
4.941704464727874613e-01
5.914253639075075508e-01
5.490954405876884437e-01
6.167235257725666164e-01
5.902860388334367769e-01
5.655396796071481269e-01
5.652309691985538675e-01
5.802844689646242671e-01
5.631329455103282200e-01
4.717566402670077541e-01
5.103044082569059281e-01
5.918199939335476722e-01
5.223203079532572346e-01
5.114442561793491882e-01
5.626758729835891204e-01
3.961218586141999620e-01
3.234997086121647603e-01
3.428454477919229970e-01
2.986471368921332359e-01
2.886476753921367600e-01
3.924560246738570402e-01
3.484003023905302143e-01
3.721002161135537056e-01
2.940620428047330259e-01
2.732552527047273916e-01
2.993698859556143121e-01
2.648197760619135366e-01
2.918644404928277813e-01
3.510759842390406837e-01
2.841154991937412388e-01
3.474497257976242870e-01
3.404194518546475590e-01
3.043689253021230057e-01
3.042535441164485044e-01
3.095479812595673952e-01
3.441141006628088972e-01
3.791179542437337902e-01
3.241204002810800233e-01
3.468515584487397718e-01
2.918009077805988061e-01
3.286856380728519489e-01
3.352949740766375530e-01
3.318009498887853903e-01
3.844317331869531174e-01
3.345087533372615440e-01
3.613929457638531129e-01
3.024744583236918527e-01
3.611693534356076873e-01
2.702631191993753457e-01
3.063490796454147458e-01
3.620162142492754920e-01
3.721587758595323314e-01
3.432939519255636118e-01
3.550990033624101816e-01
3.364959531598359921e-01
3.269524110070239908e-01
2.991996021610049405e-01
3.601644458173429708e-01
3.227884457760619719e-01
3.495380654648011509e-01
3.822354120550321976e-01
3.546976122147049160e-01
3.278458483631422893e-01
3.324738875553782114e-01
3.400187037736250306e-01
3.665702047838422795e-01
3.667263816511673324e-01
3.840113718480068772e-01
2.919186981891058186e-01
3.453422362334631068e-01
3.566931499883867485e-01
3.292574619452793283e-01
3.329230074754664370e-01
3.775710735171610710e-01
3.538394743257071706e-01
2.767611545860632627e-01
3.168923611138971808e-01
3.160042360026719122e-01
3.360976126855315660e-01
3.732384243757937980e-01
3.617357532522599284e-01
3.475498720549917153e-01
3.477984055164403121e-01
1.704379063428750563e+00
1.016240213070113054e-03
2.988646429674898797e-01
