4.968079992489826680e-01
4.899143512051488680e-01
5.397119297269418192e-01
4.827647350718153318e-01
4.944260512646783678e-01
5.414429612238698120e-01
5.452951513036912168e-01
5.351505427094591649e-01
4.867880727433188670e-01
4.836638762510055978e-01
4.954603019410110387e-01
4.900926989540339562e-01
4.893827921759018595e-01
4.931442629706684344e-01
4.925738025362332850e-01
5.310471886220082816e-01
5.369701850777561791e-01
4.976845130488754543e-01
4.905756315447424298e-01
4.996980415462494163e-01
5.571307492207693279e-01
5.117995924398758278e-01
5.481168711790285197e-01
5.228670144557679977e-01
4.972037331532697113e-01
5.105270332486916418e-01
5.158338525393388885e-01
5.883466709762087410e-01
5.538693760617995343e-01
4.994983862932493857e-01
5.092183577195703581e-01
4.963221915642984094e-01
5.061249934691270935e-01
4.838918827274870105e-01
4.952655090408255578e-01
5.232616028974391709e-01
5.206385924968652823e-01
5.226612235117682470e-01
5.060924945742817371e-01
5.192449123226121621e-01
6.058408605683169856e-01
5.124101868849738617e-01
5.252971697352493141e-01
4.994369904702040119e-01
5.659009560084836687e-01
5.334104792517680993e-01
5.120301031459423280e-01
5.540808983210546712e-01
4.965905530789730959e-01
5.171838443176559608e-01
5.471463712382905742e-01
5.353051023602267700e-01
5.428171033745891050e-01
4.955724987797297532e-01
5.244598158163722434e-01
5.044577482287816439e-01
5.706967629635415484e-01
6.002976290247709068e-01
5.223242314528065977e-01
5.736432892959446583e-01
5.665404955409740761e-01
6.431605092762979758e-01
5.113195231208602642e-01
6.019016603162108403e-01
5.145151860118526432e-01
5.445367245178327487e-01
5.086809081802898813e-01
6.571099002245908149e-01
3.315351429276368056e-01
2.916370045275888945e-01
3.551645058822190393e-01
2.642007019497140674e-01
2.861207063332970590e-01
3.885473913553059711e-01
3.741755869979385696e-01
3.769400291044165408e-01
2.782222867512673115e-01
2.575612586433544404e-01
3.033069690322248158e-01
2.737569481017517181e-01
2.754061354109933468e-01
3.284130906661716365e-01
2.740317197816238837e-01
3.787714625378561517e-01
3.481492515877830929e-01
2.978295479513438648e-01
2.841473399756475060e-01
2.961014090759452877e-01
3.562183857934204112e-01
3.493075682387178915e-01
3.283742549359618956e-01
3.263726516479297790e-01
2.995677592037142012e-01
3.294952457170469695e-01
3.293219239107572638e-01
3.279887549231095267e-01
3.914599621356661951e-01
3.280226725551738109e-01
3.074376286150110604e-01
2.877422780719845474e-01
3.306789766045351020e-01
2.372117558417342620e-01
3.105066747698713159e-01
3.683235044499365007e-01
3.870770946560858627e-01
3.358032255650780229e-01
3.273388056577282712e-01
3.300225526132453124e-01
3.325392599328428345e-01
3.345164354450574917e-01
3.644068134781822121e-01
3.401990512890608609e-01
3.689679900320024797e-01
3.790954792842728405e-01
3.349889397800211444e-01
3.591264346047389200e-01
3.077512195514428561e-01
3.434777699251488348e-01
3.650462866850053278e-01
3.721623936020654333e-01
3.640346608568243991e-01
2.961084073825404617e-01
3.495611691607881655e-01
3.318162128567080371e-01
3.334589744258413258e-01
3.415572684448039964e-01
3.704297196530706437e-01
3.451853263406099992e-01
3.013688806494916883e-01
3.254425293203651592e-01
3.388516756480586256e-01
3.482114912586012911e-01
3.613660614198225818e-01
3.820104302415148201e-01
3.391589699929928314e-01
3.376972090828286865e-01
1.475729932042590287e+00
1.016793926884871149e-03
3.383613016890353320e-01
