5.469176377895809127e-01
5.463601692908627294e-01
5.502474271476907042e-01
5.825112265359994046e-01
5.046447625978329743e-01
5.243798031614413935e-01
6.234816720259587219e-01
5.847608653680446134e-01
5.240679917083581607e-01
6.762663226392000571e-01
5.123985047509667101e-01
5.047543859036952574e-01
4.896471331324063758e-01
6.272116637887089619e-01
5.085265878962864639e-01
5.447078187616406497e-01
5.628770940405875001e-01
5.313466150668317844e-01
5.220256463570127625e-01
4.953994981542622633e-01
6.236757836841656522e-01
5.461035636194754295e-01
5.413151246863096011e-01
5.826305647907674690e-01
5.335466298588897871e-01
5.801642816880709930e-01
5.392694578488317347e-01
6.082381510925246593e-01
5.587669346757645483e-01
6.709125565812126268e-01
5.045427734765821626e-01
5.136747367835003963e-01
5.241346141064192610e-01
5.202287699596365167e-01
5.425886197947504819e-01
5.223371739207144371e-01
5.515332482344705856e-01
5.443591061930693753e-01
5.107120459301967008e-01
5.642028172836686117e-01
5.810947582774125264e-01
5.321512346645541625e-01
5.733498737184730132e-01
5.554077191049372475e-01
5.273943467678526842e-01
5.209909601216915487e-01
5.416115108308380277e-01
5.837350167018096059e-01
5.091122051286706141e-01
5.197011943519774801e-01
5.475224131019763574e-01
4.975172109654749653e-01
5.598778214322240876e-01
5.274050213401673126e-01
6.179829071961742137e-01
5.276900896969612953e-01
5.330246334679963338e-01
6.001294825265683919e-01
5.342244892919755239e-01
6.083044429113394491e-01
5.219532947288265667e-01
6.137543121849917682e-01
5.463300741825712903e-01
5.754082618592591958e-01
5.321935989736146233e-01
5.065064376768489973e-01
5.095432814558510382e-01
6.114929701582271226e-01
3.540156341396852868e-01
3.796585963908282735e-01
3.303831085264714029e-01
3.678357160225546041e-01
3.142603011134376123e-01
3.446154077193487875e-01
3.268448289830946374e-01
3.384726478291731344e-01
3.663958142897535408e-01
3.457929164242014020e-01
3.692740748292298592e-01
3.547611858701354426e-01
3.756702788572890972e-01
3.336874886259312278e-01
3.469801862424532479e-01
3.514925015016950316e-01
3.418043559774937568e-01
3.710137323796520170e-01
3.719692987513746885e-01
3.560268826934235853e-01
3.335585927037523768e-01
3.909608323168684008e-01
3.409146026640622051e-01
3.331941884093100881e-01
3.831173168563034581e-01
3.419049254657180459e-01
3.179634508664982984e-01
3.238137137380183161e-01
3.509636245241499197e-01
3.364204791991983190e-01
3.688961408749570903e-01
3.438998863777129045e-01
3.478730361825906336e-01
3.599045260150342540e-01
3.527748298375292246e-01
3.630310214854315376e-01
3.351731250197674816e-01
3.766537334967496320e-01
3.146512346524277248e-01
3.478099283900784600e-01
3.338029783270046735e-01
3.405838293584637633e-01
3.689358806665192225e-01
3.440431448019945493e-01
3.539861357628333316e-01
3.605485868015694262e-01
3.651650553422137180e-01
3.453277396698118396e-01
3.381566375408077696e-01
3.488738089059530423e-01
3.639329572156374537e-01
3.134337303430930199e-01
3.811296779008250257e-01
3.438206648594427373e-01
3.375596627540293770e-01
3.671865149718120391e-01
3.431948388886243984e-01
3.369735252309601359e-01
3.830001368813844564e-01
3.338910009595861261e-01
3.170002944481751794e-01
3.189257506244440044e-01
3.434734723833232084e-01
3.473397914418661636e-01
3.622901004155312243e-01
3.038371172446747703e-01
3.580527888523774016e-01
3.491239831810847849e-01
1.457910628408909615e+00
9.918771575349689604e-04
3.266285730746024685e-01
