5.720066730123215537e-01
5.941633714137106725e-01
4.260744214034623001e-01
5.950768981163400140e-01
4.940485563006021263e-01
5.889656187947750476e-01
5.523417631231540836e-01
6.149198468567489417e-01
6.011135023244261744e-01
6.510866934971426545e-01
5.507712049574812196e-01
4.998334108695241529e-01
5.019838314863173112e-01
6.274312317796738592e-01
4.958334595418980029e-01
6.033314178215890555e-01
5.462020607392302773e-01
5.017296656873426741e-01
6.096539735988563136e-01
5.095951241247510533e-01
6.218325634479007213e-01
6.181759509697554167e-01
6.006994884609136998e-01
6.363651525668042597e-01
5.481405760095885427e-01
6.397929846159345901e-01
5.768716475329737081e-01
5.792378309598620323e-01
6.559014290913963707e-01
6.204676285502048749e-01
5.255170778243578589e-01
5.171675311602218494e-01
5.474016693698060543e-01
6.762395941068133354e-01
5.423632045174691108e-01
5.498306250840799825e-01
5.899205922944446012e-01
5.914684850809677208e-01
5.224918206591729897e-01
5.304184957204770567e-01
5.523351665363419594e-01
5.368852435344032559e-01
6.557660380340261108e-01
5.965547796541350589e-01
5.455027106575489615e-01
4.822360630848582796e-01
5.836506284256477439e-01
5.937735242628797705e-01
5.242591502042702745e-01
6.227755725760644179e-01
6.408995159687030929e-01
5.499057195049427138e-01
6.482851432994730656e-01
4.957970412517296310e-01
5.686040911202687731e-01
6.492384226457391661e-01
6.027182797086656496e-01
5.980264296117595579e-01
5.383697600950878570e-01
6.308036056038298645e-01
5.991245608660242805e-01
5.981661581455820498e-01
6.759322421641041911e-01
6.615391809236295106e-01
4.962244550880934302e-01
5.033912741191653994e-01
5.335832676350772408e-01
6.521156864677827292e-01
3.723526112740517813e-01
3.588881394395438407e-01
3.356006336735003481e-01
3.539436042047364173e-01
2.952850563260025485e-01
3.719831832647777503e-01
3.369649895380534277e-01
3.559056463005325077e-01
3.572970466439485682e-01
3.472508107789160081e-01
3.777770982289191393e-01
3.393171947494049712e-01
3.489786381117653269e-01
3.335968591026333141e-01
3.291275557705921617e-01
3.446405133378427910e-01
3.334397367185318317e-01
3.391617874462568571e-01
3.625491914896697421e-01
3.500464080842650150e-01
3.362103980232263312e-01
3.573477494140000488e-01
3.229405811564845519e-01
3.253747768073230184e-01
3.801503539625700756e-01
3.316545846637674044e-01
3.280950227060840940e-01
3.259671023010823343e-01
3.529701595332533359e-01
3.375330521158528274e-01
3.611870849823364815e-01
3.430877462804204914e-01
3.646263352546621483e-01
3.351013544719779746e-01
3.629652771688430812e-01
3.714940262285565398e-01
4.156729246834465208e-01
3.566248655023792624e-01
3.641482501926842086e-01
3.414269636306745959e-01
3.284315513627604211e-01
3.579412583312215346e-01
3.533718902030550946e-01
3.460556794045221429e-01
3.669930774864829659e-01
3.561642938613552856e-01
3.519652211926399543e-01
3.458992368114525151e-01
3.503843484650316364e-01
3.441434393041331030e-01
3.601138423655582121e-01
4.380164607266456289e-01
3.551706318166729104e-01
3.579444340984383466e-01
3.460566390164123152e-01
3.533618358605248866e-01
3.235140263870396327e-01
3.284132679972035507e-01
3.739397676472642762e-01
3.372342364363267175e-01
2.824787123930151966e-01
3.188474168761680771e-01
3.494641721873388285e-01
3.432414054892168331e-01
3.409395527623950151e-01
3.370657415670915147e-01
3.552239067621421609e-01
3.361913931694203161e-01
1.477303458303547812e+00
9.997534697700183846e-04
3.154404952452236066e-01
