5.333436325873325279e-01
6.087901518280488533e-01
4.972394224742878732e-01
7.037127440556414371e-01
5.074311298752033350e-01
5.630039595854196000e-01
5.266585701418248222e-01
5.961910275725037511e-01
7.231607693633531619e-01
7.350349846808997833e-01
6.469739532085652112e-01
6.158573275017504844e-01
6.577182361364681817e-01
6.391365877395406292e-01
5.055603891088619184e-01
5.087801031774636940e-01
5.931572958510000770e-01
6.201985557232357893e-01
7.297561221781864171e-01
6.047790789267437628e-01
6.458250201577420135e-01
7.176943151924610742e-01
5.401826912625243837e-01
6.042905720059349450e-01
6.386946843399092799e-01
6.838963219995121134e-01
5.750719052144592780e-01
6.471803943110931989e-01
5.822259756553407328e-01
6.405848927113293456e-01
6.106922049406935393e-01
5.082095629364793421e-01
5.492267854907831870e-01
6.740257908690340249e-01
5.048934330466718912e-01
6.349150723626519888e-01
6.277393641913797673e-01
6.733295649864681209e-01
4.914361293914096818e-01
5.161226223213912778e-01
5.033168615611566254e-01
5.167399069727962591e-01
6.834699468064047156e-01
6.426450526910231220e-01
5.351780361021206689e-01
8.456522837184264896e-01
5.912645255825151880e-01
6.125745199089983606e-01
5.136345321103615857e-01
4.462785414696385233e-01
6.333519211841077690e-01
5.975678993126095628e-01
7.083943387920825785e-01
6.784004464755500896e-01
6.624853303892247469e-01
7.027479521146131614e-01
6.174660834757449424e-01
6.485539523741438162e-01
5.951696493826229561e-01
7.345768128356868765e-01
6.021328140917623362e-01
5.742255278483553438e-01
5.758625616713334283e-01
5.738004729941337256e-01
6.364104370754107842e-01
5.612234837483692784e-01
5.310994811496954071e-01
6.487007059374998441e-01
3.707053192172189982e-01
3.696222387730558334e-01
3.310176109835055169e-01
3.393400445298546675e-01
2.988799861184006645e-01
3.534048805507209456e-01
3.313465643181507936e-01
3.487289672127405482e-01
3.405282301459462979e-01
3.304205866585134821e-01
3.508114662617907165e-01
3.476191242076751564e-01
3.557985408206547628e-01
3.284552614391030301e-01
3.543852163110455811e-01
3.410847700738289801e-01
3.408430303238356163e-01
3.599189640125747269e-01
3.469759809655632021e-01
3.505938919612363036e-01
3.317325088165126168e-01
3.447953924692871985e-01
3.322475647651217390e-01
3.329677427986869609e-01
3.724053983967763326e-01
3.335378900200244856e-01
3.287116072974374803e-01
3.172087900889277723e-01
3.445059412827599643e-01
3.433528621877064979e-01
3.843975766634940006e-01
3.256143430566071917e-01
3.662992938018646005e-01
3.351411979106033168e-01
3.666912050275300539e-01
3.616880066048101527e-01
3.858183991085236131e-01
3.409362258341911978e-01
2.747668640988054078e-01
3.531690201683628794e-01
3.470480725446795089e-01
3.544618199053260477e-01
3.437958656459373374e-01
3.413757372821894509e-01
3.759518007806060269e-01
3.263797894542959654e-01
3.409158505305505682e-01
3.298014676597308958e-01
3.568923052524226591e-01
3.322786776270805209e-01
3.593232583572519290e-01
3.550724194927263322e-01
3.462317847060754628e-01
3.434900069620447915e-01
3.387347904155505462e-01
3.492757765886658761e-01
3.100342339397785252e-01
3.259878954127455319e-01
3.737114191557526222e-01
3.274058687384275856e-01
2.810569228995672408e-01
3.200363602591162482e-01
3.474639176292380616e-01
3.671457523575406001e-01
3.686125614216709256e-01
4.536747428019090589e-01
3.592107982835802127e-01
3.289665929179740322e-01
1.575900328642119819e+00
8.713365218014149094e-04
2.804356040092345070e-01
