4.966245702868962164e-01
4.909704825287216634e-01
5.145280073271718546e-01
4.775520333614910462e-01
5.012315013968723365e-01
5.195805775984784214e-01
6.021752753742660724e-01
4.954825740542457280e-01
4.862074580718998007e-01
4.817928335085965297e-01
4.946554432973185311e-01
4.855159074816148279e-01
4.862791404233921533e-01
4.872094940653747264e-01
4.893923639863193564e-01
5.762723107491749541e-01
5.142785495516906114e-01
4.926825671346166668e-01
4.888976571407240290e-01
4.954725160125768579e-01
5.810468743969126049e-01
5.127127569306808574e-01
5.674208174885227995e-01
6.013526512223797971e-01
4.881426924087240993e-01
5.119041710586061944e-01
5.556214034369366672e-01
5.469119320345869895e-01
5.356966271444792982e-01
4.939281110877377090e-01
4.925121684874328998e-01
4.920126768683066865e-01
5.025422904513124900e-01
4.871315440687145060e-01
4.845312257877857909e-01
5.370676986349411930e-01
5.573544968624568607e-01
5.201784968739752157e-01
4.921920181776768821e-01
5.379867992490288131e-01
5.469775517642022633e-01
5.535171261615915439e-01
5.010561881255255479e-01
5.466681810878932790e-01
5.231049857121911062e-01
5.418550023559622897e-01
4.912173262035300914e-01
5.004101967914439397e-01
5.110578821094728941e-01
5.876330007461597615e-01
5.693769838517134252e-01
5.174264339218719311e-01
5.313675216245214994e-01
4.981525133080955126e-01
5.964871227181367530e-01
5.228647206533019176e-01
6.568490589035853588e-01
5.395337392101269280e-01
5.274601143484758392e-01
5.822047275720103610e-01
6.233955570792653056e-01
6.538413555983072500e-01
5.698241752218289324e-01
5.764812808621352369e-01
5.132729514012069894e-01
5.063463301534621985e-01
5.260135592077884725e-01
5.417647465607186019e-01
3.120191018662676896e-01
2.897617395849574340e-01
3.387232302606328904e-01
2.569409953257856261e-01
2.871545697719555257e-01
3.810007485997028431e-01
3.671490636986901035e-01
3.291385139314863539e-01
3.045789549962037435e-01
2.561385039002153641e-01
2.913511702903450185e-01
2.515805260037843327e-01
2.707879731237549104e-01
2.943335934092102812e-01
2.793017323996566104e-01
3.524317176463417911e-01
3.387658639895826385e-01
2.800573423475122836e-01
2.676386938805550564e-01
2.943118209196206592e-01
3.504411831542373901e-01
3.862324171140882334e-01
3.321483691299684793e-01
3.372576976643783531e-01
2.795600811652167450e-01
3.327364114996069211e-01
3.316405733006339562e-01
3.210700445659337987e-01
3.879361665396650616e-01
2.860662554098680199e-01
2.909800692649943676e-01
3.013870834273084665e-01
3.301888963295750989e-01
2.667404579271134835e-01
2.818520823764782413e-01
3.724648500750929458e-01
3.791493998612870953e-01
3.330839918034682601e-01
2.919073952287556395e-01
3.708770625789470365e-01
3.413325288909667132e-01
3.651858666933232578e-01
3.323210415666688622e-01
3.509737075811495410e-01
3.538143398923713212e-01
3.607926761313937081e-01
2.861062620236148324e-01
3.183628153475763223e-01
3.427179688909042232e-01
3.540476802157461189e-01
3.687639725061935825e-01
3.697048119789236864e-01
3.736184991630178698e-01
3.024231910327476180e-01
3.485447226964321077e-01
3.675460653012763146e-01
3.135327898049167783e-01
3.361821879345165409e-01
3.715287911995974190e-01
3.529406900741642872e-01
2.789687425526763409e-01
3.151687694083997737e-01
3.679831465733649498e-01
3.538566241415773139e-01
3.489936858941890541e-01
3.200917777895522232e-01
3.721223234585537831e-01
3.337290536868865454e-01
1.689206131946199951e+00
9.869174088511253971e-04
3.176832676422838286e-01
