6.501867258531207616e-01
5.644417307411837559e-01
5.695114442895258255e-01
5.388249365130117763e-01
4.773515796879913564e-01
6.840912035254409496e-01
6.503814949106323517e-01
6.267048032826179060e-01
5.488690020668373082e-01
6.083097045471733688e-01
5.754844285214572031e-01
5.966080295555994395e-01
5.395756941227577430e-01
6.723706723758295922e-01
8.048264089116021758e-01
5.971253338304067793e-01
6.135136385617456778e-01
6.463709892330897766e-01
5.371544348137629044e-01
8.599858022397552926e-01
6.093076430133359533e-01
5.064083762579576486e-01
6.011444242481447375e-01
4.874299425582544476e-01
4.998085699924284531e-01
6.016918145138995255e-01
5.563676381101495538e-01
5.612824108686027547e-01
5.615317165306973335e-01
5.863850689435626817e-01
4.939134497465901830e-01
6.747790855567673551e-01
5.966332771321711803e-01
5.692449122137273054e-01
6.000825851416343726e-01
5.251740982762715948e-01
5.988006120731044213e-01
5.287345484356429370e-01
5.081416006661368945e-01
7.652112643123215596e-01
6.782461852655667922e-01
6.421502894104685888e-01
4.981088960962090084e-01
7.346048352397325232e-01
5.583248901429532784e-01
8.055119640180272711e-01
4.953959135413163462e-01
7.106528173784705249e-01
7.065681739656848315e-01
5.222408470075516895e-01
5.445722357705203853e-01
4.959421373538220879e-01
5.033661728866953844e-01
8.532319103495380475e-01
6.805279133445855111e-01
5.105478845904374285e-01
6.017952140970053154e-01
5.754880568882571046e-01
5.174976036203667862e-01
6.004935386382200813e-01
5.511198500286585977e-01
5.734404224817221118e-01
6.295772533881505151e-01
6.712991161141457219e-01
5.041591656863837478e-01
5.253639908869617292e-01
6.217571024950688807e-01
5.597654475848843347e-01
3.495556127921685685e-01
3.540592545595698248e-01
3.372508531534735288e-01
3.540905825054552203e-01
3.417479296745317141e-01
3.426714624522654296e-01
3.264286963367709071e-01
3.442329475254014004e-01
3.539556276167213356e-01
3.434803776022398725e-01
3.566360312343635486e-01
3.529344943925004086e-01
3.563678168312588435e-01
3.346247540134531517e-01
3.353825172371346919e-01
3.472242856191610216e-01
3.331549203945065596e-01
3.500985702556584922e-01
3.683212558511024803e-01
3.292517912198141827e-01
3.357008209522551190e-01
3.734868866752832361e-01
3.315296831819453116e-01
3.473057246557126887e-01
3.113553126542525362e-01
3.434736687742312999e-01
3.138594368824735859e-01
3.308825782713790686e-01
3.488272515798538920e-01
3.460016473465193365e-01
2.709095761956331061e-01
3.435129203072141979e-01
3.564356765602508803e-01
3.560775529431059461e-01
3.572597441068101065e-01
3.473742330078208873e-01
3.318807403184737548e-01
3.539812031550113036e-01
3.332438979637890597e-01
3.349733660943056135e-01
3.235216965447511583e-01
3.460502201461602145e-01
3.572386545710043992e-01
3.333077200947889840e-01
3.572153421063130607e-01
3.316753110289520357e-01
3.460801035773329315e-01
3.346630104567733244e-01
3.418004201145071197e-01
3.491949180039800038e-01
3.480449909247878559e-01
3.659728555077171319e-01
3.661888128943084908e-01
3.292641029932044661e-01
3.342955447183602047e-01
3.670894499354187546e-01
3.343072293894893687e-01
3.389049222673544692e-01
2.407431618437224086e-01
3.385531333247874253e-01
3.138543443091739160e-01
3.267805144332996403e-01
3.453787979616466663e-01
3.383062892807895405e-01
3.431036701821362223e-01
3.266950741487985033e-01
3.551464939679986332e-01
3.465522574921547916e-01
1.451767927502116251e+00
4.737640357079746082e-04
4.693943808994308076e-01
