5.058028790753130721e-01
5.196430271869396655e-01
5.823497168074962538e-01
4.885013041880082452e-01
4.962489215660279007e-01
5.159789640481404760e-01
5.287125954998245225e-01
5.014879799454078357e-01
5.116251483783026410e-01
4.967195587561534786e-01
5.245335197508416147e-01
4.903423062162818868e-01
4.945603300510049150e-01
4.819713209623134875e-01
4.962752400726762048e-01
5.988772306625950170e-01
6.124027389434989477e-01
4.960521166649364266e-01
5.385550512717962590e-01
4.966228647678021524e-01
5.895913098140252995e-01
5.387935504143850363e-01
5.394882677529374559e-01
6.068338629655136707e-01
5.005606402277520406e-01
6.425591850125477178e-01
5.241428610391013487e-01
6.289833201140063723e-01
5.071183014802808087e-01
4.667501808992378098e-01
5.431206023647734416e-01
5.011456157166529479e-01
4.992010138876527003e-01
5.417453632448542278e-01
5.274505939378285602e-01
5.883315674783519134e-01
5.726035914813762950e-01
5.480442851598531506e-01
4.943871685234592084e-01
5.036310811211797134e-01
5.097281605681176497e-01
5.367535788421545773e-01
5.287094884548947382e-01
5.084182523193888636e-01
5.324615163185451028e-01
5.333256028770752000e-01
5.493982918351962841e-01
5.160151053894871387e-01
5.246353606530890223e-01
6.461310994002089636e-01
6.420254260306943461e-01
5.155051045248708608e-01
5.363943746260011469e-01
5.323504202104826222e-01
6.333537803309832181e-01
6.064438667599041377e-01
6.033469971273335286e-01
6.293790034400762456e-01
5.520757178303776769e-01
5.782422799389641543e-01
6.118256544774006711e-01
6.456396545581740698e-01
4.837432161908984951e-01
5.705582507282090932e-01
5.502099846054739896e-01
5.015287928970895148e-01
5.121525474475390194e-01
5.316681585555538270e-01
3.449050563652959478e-01
3.739902795845276851e-01
3.463178851663971103e-01
3.164060258132539993e-01
2.879066601222820543e-01
3.536911606477032843e-01
3.341415526826941318e-01
3.382870306079667211e-01
3.558029863274875804e-01
3.420192705229736507e-01
3.953704391226937065e-01
2.843870131962564218e-01
3.176442442965901614e-01
3.335864997772923224e-01
2.934953110791899134e-01
3.690928073405808640e-01
3.619212096981315185e-01
3.081595645453124588e-01
3.786086635643785003e-01
3.116267715047683629e-01
3.361415320999289191e-01
3.787102517438252769e-01
3.333841877994749847e-01
3.352731903166896177e-01
3.542789524907281051e-01
3.304158763823997202e-01
3.293278777615156194e-01
3.194679109616108126e-01
3.444885011896820504e-01
3.372942360685116658e-01
3.670843676609831241e-01
3.004510559985575369e-01
3.348688207053872601e-01
3.386949497251427466e-01
3.868104903140732742e-01
3.733458578313325615e-01
3.815265225760987033e-01
3.762633016226504812e-01
2.900604426116992762e-01
3.580585047821102651e-01
3.436341973648401327e-01
3.751874012013843851e-01
3.525479896812996339e-01
3.757355267907980800e-01
3.781415769830498985e-01
3.824363876584679911e-01
3.606143067896547261e-01
3.657195001936056622e-01
3.614682814109853592e-01
3.366416716925516028e-01
3.544124259336349780e-01
3.707206257719002918e-01
3.691208123050077061e-01
3.939206606665272559e-01
3.413718468297862740e-01
3.659934566269978928e-01
3.187139405900233924e-01
3.302699016174829305e-01
3.943766484648325021e-01
3.482832563272288406e-01
2.837839602931947480e-01
3.233877077457704696e-01
3.775825425863144624e-01
3.600612146337466291e-01
3.629821155234843610e-01
2.813357258739887512e-01
3.602448851521203310e-01
3.503242987867689062e-01
1.547822449284200541e+00
1.015880040615316487e-03
3.325926742318471296e-01
