5.663961922570822649e-01
5.273695141395007280e-01
4.793888594484025933e-01
5.022873360026538503e-01
4.949729401162894504e-01
5.612003082759761119e-01
6.087296812297174897e-01
6.472733246660203887e-01
5.386795658320494562e-01
5.199106890277259696e-01
5.396464213197637028e-01
5.024368315130038898e-01
5.113659043673743909e-01
6.578312327564818096e-01
4.930473296607330025e-01
5.627012454656619145e-01
6.142403518326084999e-01
4.931332277855347557e-01
5.408612207468171951e-01
5.201096799196778253e-01
5.615062364453763388e-01
5.721476327279472196e-01
5.439051618650364572e-01
6.518740362853840953e-01
4.971923572086081045e-01
6.242130896207530588e-01
5.630637956364850094e-01
6.037990187422430655e-01
6.468828278590381675e-01
6.065393901941501520e-01
4.954138572977151989e-01
5.081681499247452383e-01
5.403681610096400245e-01
5.623725635150270685e-01
5.622430221872610767e-01
5.955860151654308599e-01
5.436740397770385425e-01
5.454482629641115299e-01
4.904299571353749054e-01
5.839624049758325164e-01
5.201601543982855569e-01
5.662131624098780680e-01
5.350414503461111693e-01
5.421933172615340801e-01
5.655052010429344467e-01
5.484904705922248880e-01
5.565344660053825887e-01
5.893533231557145369e-01
5.160579308602871729e-01
5.663941993683517806e-01
6.078150726611200039e-01
5.297395877166521938e-01
5.396322241079843929e-01
4.895575482636402853e-01
6.004248736818843524e-01
6.150348340583662310e-01
5.879757448481357507e-01
6.225960159880642442e-01
5.619203594319361894e-01
6.329545068940957142e-01
5.912445493281897058e-01
5.427295694662618297e-01
6.340145183751946245e-01
6.225971396089908794e-01
5.171829567292713925e-01
5.143701049402870096e-01
5.165372492947627459e-01
6.008381699402983722e-01
3.709358859324078939e-01
3.561626004974346449e-01
3.517370005884498108e-01
3.661714407324109244e-01
2.882432872831263704e-01
3.524283823902559232e-01
3.359361346358239464e-01
3.547206522415761176e-01
3.631960326364648828e-01
3.458515361569504676e-01
3.792921680700591103e-01
3.794190509075051621e-01
3.557999712786622526e-01
3.330225767569295336e-01
2.924005812899430623e-01
3.432491372647357708e-01
3.328348836007503087e-01
2.963010519731723025e-01
3.589686403051768337e-01
4.008887622647224203e-01
3.403655868425750630e-01
3.611677243864819808e-01
3.254845627672676711e-01
3.392124863141237623e-01
3.451261382964142532e-01
3.376931443769098928e-01
3.300160822373359171e-01
3.237539876437954267e-01
3.396490753121357287e-01
3.404872381493558309e-01
3.297702656338497018e-01
3.020671203913087854e-01
3.571358962838480089e-01
3.454493033737718322e-01
3.640167405259793765e-01
3.569275849420102675e-01
3.900174945732453602e-01
3.589596717993350228e-01
2.935494993819040555e-01
3.518592374070378392e-01
3.411783880794821977e-01
3.520755971333012213e-01
3.607416435476941130e-01
3.441385325334037071e-01
3.725027312832948634e-01
3.454130095264521527e-01
3.648006339730987535e-01
3.447866552872040358e-01
3.473236295939213236e-01
3.419679973710361698e-01
3.525987989493026831e-01
3.741272198845830843e-01
3.644263029873811566e-01
3.754853827492956042e-01
3.362446184977292973e-01
3.554987697722202800e-01
3.228549568680930126e-01
3.327406569594763552e-01
3.688457819055480091e-01
3.359165363735883703e-01
2.853181324318686540e-01
3.272227294877218529e-01
3.462170409498980805e-01
3.515639047923534988e-01
3.529825906740683972e-01
3.646092176670401863e-01
3.536886420031299383e-01
3.364181667096527995e-01
1.447393346618860432e+00
9.763996555718796331e-04
3.189831289597284680e-01
