4.822506037186654604e-01
5.372924923838453548e-01
4.909576878826552027e-01
5.546355814390684369e-01
4.918399158280638006e-01
4.990903628148756210e-01
5.447238996100697284e-01
5.910812474257676197e-01
5.138394618566790584e-01
6.410692171896305025e-01
5.330141677769421049e-01
4.882012327516918049e-01
5.102092596276158742e-01
5.865020183776396001e-01
4.938526378711264875e-01
4.807850095681409086e-01
4.773704080515106529e-01
5.439531362551112137e-01
6.101791881390448147e-01
5.255640447084101163e-01
5.238961058396284232e-01
5.500618221711497391e-01
5.516659850073726279e-01
5.790279805347944286e-01
5.127014583549646121e-01
5.369396301913049729e-01
5.281671533515759354e-01
5.524793827915156497e-01
5.858740675112334984e-01
6.276661009101257571e-01
5.087449810350380686e-01
5.115645124620138429e-01
5.022637000943470653e-01
5.984584118896167926e-01
4.981209064632149963e-01
5.036808069668395893e-01
4.595351599280392274e-01
5.892075157384442097e-01
5.024485070904703976e-01
5.395614188486894669e-01
4.949948221179228391e-01
5.882354204246729168e-01
5.055418924400555403e-01
5.812452317397012180e-01
4.938423130566043096e-01
5.621006124589663644e-01
5.489413863348870937e-01
5.954980475953313146e-01
5.230406364821571508e-01
4.801406130942983963e-01
5.061074606843987134e-01
4.684663062067948580e-01
5.614914177462659861e-01
5.824240461377023781e-01
5.638293655895064704e-01
5.388121177477267487e-01
6.091892395101676794e-01
5.514835246109199840e-01
5.547103664038451898e-01
5.621442095379701742e-01
5.464171623631582930e-01
6.636488055188235480e-01
6.071773215841581584e-01
5.688420647448997336e-01
5.150929831296844341e-01
4.872618097146611538e-01
5.018999493958599123e-01
6.173172000293910555e-01
3.546252439770418152e-01
3.305606007849634653e-01
3.434933232286104254e-01
3.367411393253353369e-01
2.840336175183695300e-01
3.521971532396966920e-01
3.413619543275299706e-01
3.418820003084090953e-01
3.215480327073455546e-01
3.331156683087980741e-01
3.677489990413628229e-01
3.528364249039896428e-01
3.175549103063852741e-01
3.382063319483123442e-01
2.947996539787525183e-01
3.640847407562624594e-01
3.448755991904656759e-01
3.522457696438522357e-01
3.465240433383387497e-01
3.497932917461257230e-01
3.403063269885057140e-01
3.572055636814709945e-01
3.271793742523255166e-01
3.490604236820875061e-01
3.326790074308074163e-01
3.351351655779441496e-01
3.306049387193790157e-01
3.225570590806888238e-01
3.442585531532323384e-01
3.334124929664705195e-01
2.978370336902107507e-01
3.439751090208437723e-01
3.503690199351923718e-01
3.085816193309569022e-01
3.573774843624510367e-01
3.538953860639445503e-01
3.855622868776265033e-01
3.383821810037969113e-01
2.895947319307262680e-01
3.460986286879368934e-01
3.395378662758062327e-01
3.439955188803866526e-01
3.548411445119035723e-01
3.361554784776932259e-01
3.505003078005315409e-01
3.463612727062048147e-01
3.458866694564268762e-01
3.356607858710035086e-01
3.408276296940925265e-01
3.500194457301281648e-01
3.680946786404495352e-01
3.613974358944001541e-01
3.534836622113730065e-01
3.405742564980926979e-01
3.443601839937432962e-01
3.491156833409171933e-01
3.141395619735098399e-01
3.353602605529866221e-01
3.528368630777068415e-01
3.482923169717250800e-01
2.816945011942886823e-01
3.112702722361539442e-01
3.402730098476727250e-01
3.423127954317855548e-01
3.519486376161923835e-01
3.490142189303314102e-01
3.478090570095082046e-01
3.391218309127922437e-01
1.734367361714310052e+00
9.952832967120429745e-04
4.701778860408000749e-01
