5.045048286278173144e-01
4.881827029088798287e-01
5.074791904846597257e-01
4.917937584407612861e-01
4.915037081346547709e-01
5.346514700407796195e-01
5.602847542867088748e-01
5.121111628546998196e-01
5.310314675900936754e-01
5.443420154488174401e-01
5.066661220150048273e-01
4.961852793547960605e-01
4.862116669565536564e-01
5.528286666392364657e-01
4.928169316963293967e-01
5.805060229537402083e-01
5.722377352239814696e-01
4.983749024479046663e-01
4.884886591789488475e-01
5.070373356558706135e-01
6.131703366923973997e-01
5.201372567779203315e-01
5.636502525740836322e-01
6.079123600374559677e-01
4.869710322969456606e-01
5.805864380435101779e-01
5.377421628885993288e-01
6.427165586798727626e-01
5.402536019499925013e-01
6.162400462283250668e-01
5.271252593069533088e-01
5.069018803100189263e-01
5.331647178213964056e-01
4.897945923863069595e-01
4.933651861577945663e-01
5.506559468706133664e-01
5.785547065699204738e-01
4.909758001382859005e-01
5.059207166358885566e-01
5.291921882209916772e-01
5.555450226390526991e-01
5.425539332033392226e-01
5.084692931784282610e-01
5.252362071399417909e-01
5.366961344710536874e-01
5.505101067785074243e-01
5.342242966647866576e-01
5.639779880897659581e-01
5.138928019099474609e-01
6.242841032369463861e-01
5.962420402758563664e-01
5.212837995844610273e-01
5.748539826146459308e-01
5.403960625634586235e-01
6.473864882329788406e-01
5.336460470887701701e-01
6.513347271959273321e-01
6.033673132653156745e-01
5.110758567935257402e-01
6.250555507801566213e-01
6.204353343795745435e-01
6.118687609870581134e-01
5.289990474543670995e-01
5.960342025466915938e-01
4.809286756802028107e-01
5.128669719721626885e-01
5.095864388464309558e-01
6.300940623029903653e-01
3.415942471227857991e-01
3.689251060123766579e-01
3.385377097151290315e-01
3.755866852578251813e-01
2.983122967110406476e-01
3.529463977973217870e-01
3.435903581618783842e-01
3.501439923837233459e-01
3.602218798002651545e-01
3.575932500722080465e-01
3.536740122019928489e-01
3.076097276475055486e-01
2.865156635980088407e-01
3.431079111506081802e-01
2.889941469144877151e-01
3.473838103847110004e-01
3.370734076673200241e-01
3.065607270879449620e-01
3.411306165401645218e-01
3.424605172111189200e-01
3.418382819250233018e-01
3.808750757896288142e-01
3.291726585862509435e-01
3.303334820450894993e-01
3.557527324008351033e-01
3.368978573147103917e-01
3.308481216956958293e-01
3.237733135556943864e-01
3.462291189423238325e-01
3.385420472271804537e-01
2.695474225878982666e-01
3.091967844509457275e-01
3.637450320680275517e-01
2.879979987031690003e-01
3.522699847552206998e-01
3.640897862889511116e-01
3.962439284278334028e-01
4.058891954259367663e-01
3.369013353226814056e-01
3.744763303068127658e-01
3.289962865137928683e-01
3.616317932356732379e-01
3.455106311353745574e-01
3.780632452266189936e-01
3.511406050294482162e-01
3.527609276434039987e-01
3.572083015893479097e-01
3.565186702595958268e-01
3.654990820256702744e-01
3.465165167574474903e-01
3.569590929933685874e-01
3.454319154345119602e-01
3.435475045218683299e-01
3.983287995893758926e-01
3.425353679146690422e-01
3.682907712492189400e-01
3.174292605228165587e-01
3.221398991258631050e-01
3.728134399562641477e-01
3.371989455289994830e-01
2.939874410558385720e-01
3.211013001557609936e-01
3.541113599036070925e-01
3.431201217369413414e-01
3.351212639808932581e-01
3.477163817237553523e-01
3.454924395511052571e-01
3.236482397396620025e-01
1.477552631203882694e+00
1.018256287454694532e-03
3.574494370696928991e-01
