8.343766390855192894e-01
5.716672838378982213e-01
5.047491216793157376e-01
7.835083409182819203e-01
5.125708791734008285e-01
5.877472194292322483e-01
5.061438658480099662e-01
6.401905657033956087e-01
8.253238552148348672e-01
8.099591975100177699e-01
7.915532581845579063e-01
8.496312251538222782e-01
7.323484197362062353e-01
7.422422832042994134e-01
7.101603778937694011e-01
6.444638479910115292e-01
7.577684635161351379e-01
8.437066626670420844e-01
8.361916246522300700e-01
8.330254888518120460e-01
7.530248934972538777e-01
7.575178901168317935e-01
5.584382547601115521e-01
6.154249059824141721e-01
5.715982061346553955e-01
6.429454123926495734e-01
5.127129282060826077e-01
6.192048457860056532e-01
7.221788755370439628e-01
5.510954031024336564e-01
5.505528383262147107e-01
5.164929543268623746e-01
4.700920156708789377e-01
5.634340122837994125e-01
8.063490230677546888e-01
6.850220059103389048e-01
5.348874450482903331e-01
7.884030249293036974e-01
4.905024198662977231e-01
7.803898355407006271e-01
6.291617017785675614e-01
5.778242143538164788e-01
7.720379858176029675e-01
7.818616486248103348e-01
5.443943379782072434e-01
8.418963137872700342e-01
7.301087171372265816e-01
7.130528728912859382e-01
6.855633799850594512e-01
6.051164480193947925e-01
7.681250510148683874e-01
6.814082644232247743e-01
8.420207201945352216e-01
8.291074123314627897e-01
7.690868057291252446e-01
7.352821316150098818e-01
5.485216447448912902e-01
6.215655246052725902e-01
7.846880508195710480e-01
6.045085328249494294e-01
5.021908289957902616e-01
5.587463608623911560e-01
5.048060530809299618e-01
6.145761841497727751e-01
4.893898547446806080e-01
5.309871535906180995e-01
5.275266925263190076e-01
5.460313750703401636e-01
3.327930813618426020e-01
3.641821455196720958e-01
3.452928061889877775e-01
3.338123150550766360e-01
2.897809879970555946e-01
3.594202698157875631e-01
3.240075744078646514e-01
3.493475804227253456e-01
3.306025063186118773e-01
3.268375722566856378e-01
3.377732212535442535e-01
3.286186447143634726e-01
3.357671307925921278e-01
3.295373866950098152e-01
3.460268048655605333e-01
3.462474084617076509e-01
3.233347162172579559e-01
3.320176543779749245e-01
3.317497355581794927e-01
3.321316583167344683e-01
3.275025935379646258e-01
3.366812794163119293e-01
3.285447058594369030e-01
3.324290666595201005e-01
3.588096642983216733e-01
3.385449478288288794e-01
3.210719744402357190e-01
3.218362137953176827e-01
3.284575631533251938e-01
3.548824606482285926e-01
3.586044972126398722e-01
2.707854125219756325e-01
3.265850995698731940e-01
3.209480558450248933e-01
3.349197065198377121e-01
3.432424987053434573e-01
3.398129019219863212e-01
3.325507946658098901e-01
3.072270399342568181e-01
3.347489409642570024e-01
3.243172335731350775e-01
3.593809036672867552e-01
3.311507327889356977e-01
3.290332314607786190e-01
3.562106452219755970e-01
3.290158832084261742e-01
3.401133515137925167e-01
3.342428300500286942e-01
3.433747486687419581e-01
3.309744735538870386e-01
3.350641474677616971e-01
3.431948063116437853e-01
3.305306334662999612e-01
3.321092107125480641e-01
3.280552672210171883e-01
3.392175356240976769e-01
3.332007629665323933e-01
3.271011565662770293e-01
3.376018542124860078e-01
3.404160067582233662e-01
3.190447976862096913e-01
3.221847535012252739e-01
3.394151107353543528e-01
3.484700411753484661e-01
2.626330673746188338e-01
3.430685947016118287e-01
3.262696069402679089e-01
3.249712736061915463e-01
1.518922757424997716e+00
5.440163452228396037e-04
5.713131684825663026e-01
