5.239612885849671553e-01
5.055736443279347236e-01
4.852816548049849743e-01
4.929629089740642511e-01
4.974881419270068550e-01
5.257902079024003861e-01
5.774976068142244623e-01
6.003051020702502294e-01
5.032949241222135495e-01
4.920221984388350456e-01
5.062724491599883692e-01
4.934431146431321191e-01
4.918796912432673030e-01
6.365506381613966758e-01
4.995085115475622062e-01
5.184545741988427769e-01
5.050530977240528241e-01
5.036531745318617581e-01
4.994631573707171701e-01
4.980888545371992548e-01
6.006235427163315599e-01
5.088408436911591171e-01
5.544330881670490596e-01
5.546423790797503361e-01
5.000116441354731656e-01
5.318611043134328087e-01
5.304151566683231733e-01
6.042221274899496342e-01
5.846290822573778634e-01
5.676064811077655703e-01
4.991790140235647377e-01
4.944979031201117148e-01
5.297849235262407364e-01
4.942771689492475584e-01
5.023597396495949052e-01
5.131819770388139634e-01
5.311795452095233738e-01
5.537300353926796204e-01
5.034416510915171727e-01
5.569038412792070014e-01
5.316843339296920545e-01
5.970607999282813161e-01
5.441263675406458056e-01
5.726808631684660034e-01
5.594551647492008728e-01
5.881902400973715306e-01
5.074987840019866692e-01
5.104865877530283536e-01
5.073828064945040683e-01
5.919395254200502388e-01
5.377573115267263448e-01
5.434580872271955743e-01
5.756461360217156598e-01
5.035316259175148801e-01
5.696642620899543541e-01
5.520649519001905592e-01
6.154703759765458582e-01
5.557935300303121773e-01
5.112650263986453503e-01
5.516486489231077206e-01
5.754501057415298826e-01
6.064722444418870761e-01
5.181269204890119884e-01
5.420617562111371690e-01
5.040346759941681798e-01
4.846882894161374522e-01
5.055416151136723490e-01
5.588203577567152358e-01
3.981516394142878279e-01
3.438954706808218242e-01
3.437722404561446288e-01
3.266711260840008957e-01
2.899700815530638076e-01
3.617582427163387182e-01
3.521391086102432233e-01
3.671467370526294016e-01
3.550368914532878728e-01
3.286538381003928921e-01
3.376865207486938192e-01
2.931692682187270749e-01
2.859055144116849356e-01
3.577390356339496535e-01
2.894589341842683239e-01
3.691852040845228222e-01
3.443464154373376829e-01
3.221270989706447874e-01
3.305137546426505368e-01
3.119394947215711755e-01
3.428708125411862873e-01
3.682646717074241072e-01
3.331450399971455645e-01
3.484138109293535290e-01
3.178891539883892947e-01
3.376870921187397068e-01
3.287640862109951767e-01
3.323433580642803920e-01
3.789393006323492075e-01
3.384325840595825974e-01
3.154722907747663507e-01
3.076989876907211263e-01
3.857556893583485857e-01
3.078429355471570261e-01
3.542120449394174919e-01
3.592259728201553370e-01
3.869296587729805226e-01
3.829800241260128413e-01
3.417328158804079918e-01
3.719464401408155152e-01
3.425833733895704003e-01
3.964654220986994493e-01
3.609914286841918729e-01
3.772572330570273524e-01
3.759643600112098638e-01
3.971923892005855272e-01
3.447827212404940833e-01
3.635420339323494066e-01
3.311110395726361566e-01
3.501406523882178989e-01
3.578099423609646945e-01
3.787932461273595952e-01
3.605731884310934832e-01
3.249600224472211085e-01
3.496914004191293279e-01
3.682360610894175879e-01
3.202634597873740274e-01
3.444518214628506936e-01
3.638338086031087659e-01
3.502592831913238780e-01
2.977438828283687222e-01
3.335427084459606228e-01
3.770126260979213551e-01
3.601395027264971405e-01
3.021733584962886798e-01
3.133589490976120273e-01
3.506679214949008916e-01
3.546045875770839628e-01
1.488922321770359769e+00
9.820262516724389580e-04
2.582836754978632410e-01
