6.420997754240458377e-01
5.087540469112961095e-01
4.623329251071919277e-01
6.431147537725795393e-01
5.060870154318518610e-01
5.733302675813829463e-01
4.368741064905828364e-01
5.748547901728890963e-01
4.887091335229052369e-01
6.302405013481567897e-01
5.602754754229872791e-01
6.632853010768956503e-01
5.001067613427708780e-01
5.486869356715811108e-01
5.217520667288755298e-01
6.431395227577987317e-01
6.600765797372361021e-01
6.123549726787490544e-01
6.271739613749225395e-01
7.001815309853544056e-01
6.655002370640067388e-01
5.453467766488696578e-01
4.768170333592215426e-01
4.500244079594497570e-01
5.222679013473205956e-01
6.989836659052496293e-01
4.393383989578752424e-01
5.898953644055708878e-01
6.033603274943829531e-01
5.652771304783020812e-01
5.058962594865482609e-01
5.005061578986392812e-01
5.461143162737887025e-01
5.379865829217346240e-01
5.629076688398162442e-01
5.161769999904752826e-01
4.575900626949169214e-01
6.591613751089446804e-01
4.935452669448553431e-01
6.122114608859642315e-01
3.765144215866906841e-01
5.659881879146668737e-01
4.910141346061679402e-01
6.898288962883044606e-01
4.875814944277287455e-01
6.740374011505769758e-01
4.988320292558883207e-01
5.914864924866027884e-01
5.304958851739838277e-01
7.421861815930232975e-01
7.104962896858620924e-01
5.490893764862415649e-01
7.622361946375679764e-01
6.687991979603644666e-01
7.319442434286467236e-01
5.048283186258032407e-01
6.266459237904407065e-01
4.444721071265888557e-01
4.973154520223838082e-01
6.416866356600965382e-01
4.208520072490420372e-01
5.738026628648725813e-01
5.439893144754054388e-01
5.662348743661798078e-01
4.955783253491978790e-01
4.981547488519474376e-01
5.268605132283462611e-01
5.439385430198483418e-01
3.539740232194921177e-01
3.339841130882965081e-01
3.181682262412686701e-01
3.562566660125195406e-01
2.958592054961801665e-01
3.519074644669049068e-01
2.887967654436465192e-01
3.563365387641171944e-01
3.227062276029092902e-01
3.358238650056463159e-01
3.565851706965594836e-01
3.485900320071442793e-01
3.124399198693185165e-01
3.376323532885606715e-01
3.489668952227581999e-01
3.532956326275358272e-01
3.407584691288306766e-01
3.558620814965089418e-01
3.570460360279203993e-01
3.494177963245042595e-01
3.351596216318066257e-01
3.539647081984951815e-01
3.481064174411471757e-01
2.654082368506542333e-01
3.487655348739893690e-01
3.383428628174444119e-01
2.985562480597869217e-01
3.334473188123331377e-01
3.492446997706781242e-01
3.427859389673494350e-01
3.303823623996398617e-01
2.955617207441219585e-01
3.807769146272606542e-01
3.429473615613272686e-01
3.513111231565343995e-01
3.443247204698450248e-01
3.239321618558655413e-01
3.552697665741712529e-01
2.910872578694626567e-01
3.538012204233620950e-01
3.005010517028114947e-01
3.576118483705165718e-01
2.953703082630567689e-01
3.387759828482487801e-01
3.376372835767066927e-01
3.599797566846581476e-01
3.334054834800174172e-01
3.392443804274236641e-01
3.499710484062726334e-01
3.330699486004977117e-01
3.395027609988491846e-01
3.639327127330401201e-01
3.368733341987012464e-01
3.556409316988991542e-01
3.291726672869059733e-01
3.295771766728256558e-01
3.281405017957803039e-01
3.018479211138906382e-01
3.540796728125408799e-01
3.403412224787661366e-01
2.914239389758255250e-01
3.327059197501140431e-01
3.605044232727864228e-01
3.668751845200017292e-01
2.839955779950265047e-01
2.784601588908006131e-01
3.631024169197139551e-01
3.402918640196395672e-01
1.605967577501871135e+00
9.672155109539873471e-04
4.149618936277847947e-01
