6.009213027783919525e-01
5.934248957944888714e-01
4.579644538717830837e-01
5.815978366781331399e-01
4.996142095969643426e-01
5.861516397128498923e-01
6.194534406567282492e-01
6.398985091652138468e-01
5.798161661494539709e-01
7.045643822334309858e-01
5.992264552591053395e-01
4.943747900838360021e-01
5.961262748220940155e-01
6.720746803425530214e-01
5.051559510104249862e-01
5.517702379195571494e-01
5.435639577613191609e-01
5.928781044883746354e-01
6.160943898297416288e-01
4.940230312959926762e-01
6.155088685806606730e-01
6.261550907619092277e-01
5.773342215750500994e-01
5.599894972295047513e-01
5.306925040363357216e-01
5.973031829080515109e-01
4.475948592831281991e-01
5.950040450596459918e-01
6.143865595925419587e-01
6.571499642871776459e-01
5.193749056385007501e-01
5.189844828251847231e-01
5.410634284747607436e-01
6.940367697634907129e-01
4.848379339260537879e-01
5.792579525243687355e-01
5.557585912475658807e-01
5.945695118751365138e-01
5.326103377673803152e-01
4.496659632390006545e-01
4.783391862303036923e-01
5.199189287880855437e-01
7.098361172275361453e-01
5.615022160655848138e-01
5.056722848862428288e-01
4.841725130574944247e-01
6.046912639566527359e-01
5.168254152123251677e-01
5.268066064975946983e-01
5.331347678066827855e-01
5.488797599863725063e-01
5.142592171215802921e-01
5.888367248341727089e-01
5.057671685031086550e-01
5.966106667738660940e-01
5.561844935969375570e-01
6.352951363922672012e-01
6.670028207599260073e-01
5.469621319011915839e-01
6.192758251291898830e-01
5.441292348703703485e-01
5.338582322945285563e-01
5.074037386654300930e-01
5.394147120505636828e-01
5.543375720139493978e-01
5.099170317257096796e-01
5.097791324288646342e-01
6.310525351972458008e-01
3.681949407662702400e-01
3.549842622877723008e-01
3.368397401863276186e-01
3.485358196647413975e-01
3.223482888700827664e-01
3.580930286450726974e-01
3.292065978816675620e-01
3.386210801422704364e-01
3.514309267171692452e-01
3.359650304767060058e-01
3.638440565966816753e-01
3.476551229868466986e-01
3.454730745999713415e-01
3.334563192058507819e-01
3.471639829025937041e-01
3.452844277351363456e-01
3.448059003317734961e-01
3.649266776453122807e-01
3.561194493371120373e-01
3.512168399403592933e-01
3.357725695128895849e-01
3.481881235186151113e-01
3.241618167959433583e-01
3.323970173518037141e-01
3.504669258514156449e-01
3.375679107042552918e-01
3.425457758161079003e-01
3.256658283780461960e-01
3.466421452856655594e-01
3.369104214064481129e-01
3.444869156177303715e-01
3.598917525711433085e-01
3.743804972492718597e-01
3.344163177716346635e-01
3.410714920306843201e-01
3.569129145599901354e-01
3.803094627304646758e-01
3.490823955218406160e-01
3.328318305317016779e-01
3.444082302902098935e-01
3.396970960058787736e-01
3.484534800342113936e-01
3.398262132149973413e-01
3.410800361556584614e-01
3.510849499183757438e-01
3.456560441251287363e-01
3.476696600251366065e-01
3.419784295269150953e-01
3.612613290455968240e-01
3.390010758941355840e-01
3.491104319213989560e-01
3.513622681542328818e-01
3.485982002314457762e-01
3.485092267249599307e-01
3.414519867042094536e-01
3.504829051424748765e-01
3.129390566903718085e-01
3.257721241208604290e-01
3.551135121908698955e-01
3.325626311166546833e-01
2.890448276038976583e-01
3.225657435421041552e-01
3.478573527042261859e-01
3.495123584457683341e-01
3.440605316973176508e-01
3.347903600651522260e-01
3.620030204108293237e-01
3.325234109168011543e-01
1.569929172071025558e+00
9.741941851523220263e-04
2.903284128930229691e-01
