4.990462605922474371e-01
5.588097907227307370e-01
4.482362926127031466e-01
4.559100276219654191e-01
5.062062609271198443e-01
5.306681696893184030e-01
6.012489225891067823e-01
5.432324089884493779e-01
5.375559976390308359e-01
4.631313976815558675e-01
5.357975484721665405e-01
5.531019458943019496e-01
5.732246099144481244e-01
5.639820784043639845e-01
5.132404079731323066e-01
6.390846347894783008e-01
5.974956038283224524e-01
5.270955937190094920e-01
5.793880780332300029e-01
4.999218364715155016e-01
6.424168748182159661e-01
5.958821844015349534e-01
6.111592626243976811e-01
5.747633213546508024e-01
5.545920753586707219e-01
6.424829644127593165e-01
5.548844329188344915e-01
5.544751480229226370e-01
5.396284951880881975e-01
5.571541631043172016e-01
5.500241746542097188e-01
5.066878910665849611e-01
5.206699606366567146e-01
5.886670743606913225e-01
5.322446149127854076e-01
5.444216930681287092e-01
5.794624411319904134e-01
4.568135492412574439e-01
5.080072467456512308e-01
5.112312146685424885e-01
4.999618376815214704e-01
5.517656922809934805e-01
5.029340585831501009e-01
4.433915484412669361e-01
5.440167233405945879e-01
5.349703772552626413e-01
5.717033304663299287e-01
5.657833240959218024e-01
5.220367328790171957e-01
6.577059778365668130e-01
5.817123248671721703e-01
5.338082882014338892e-01
5.895634075838341870e-01
5.383924374727744322e-01
6.381105389242928139e-01
6.311268881086494753e-01
6.762083030714647336e-01
5.619448293784271575e-01
5.726487015925243451e-01
6.699634636205215044e-01
5.285136940917860571e-01
5.805662189933068484e-01
5.362498440824864376e-01
6.079272692677109013e-01
5.375391109751183061e-01
5.110342087596688732e-01
5.163347240720931319e-01
6.567762774617674770e-01
3.679635323957918258e-01
3.691337513653030755e-01
3.308939318113048311e-01
3.487957817459073628e-01
2.956548674252462705e-01
3.581584292473724007e-01
3.435411840558030838e-01
3.539867407862884452e-01
3.659433989597418724e-01
3.564120172585679702e-01
3.590186111351884035e-01
3.933684095061339980e-01
3.499976291587062471e-01
3.490343154380149970e-01
3.576774186699738234e-01
3.504357380111354781e-01
3.357166992405564709e-01
3.652647731270164400e-01
3.535616974903525445e-01
3.516358370303327985e-01
3.386223081531841150e-01
3.740032846447305936e-01
3.238458535265284488e-01
3.481718637991104148e-01
3.518752232703659111e-01
3.348893132350833635e-01
3.289267432819834025e-01
3.299263749844734139e-01
3.567993226858882649e-01
3.458551974636687176e-01
3.608951925487757229e-01
3.275582800086091484e-01
3.554808546085800880e-01
3.383069071014860874e-01
3.724067323949754038e-01
3.506108267953733093e-01
4.019238073401402711e-01
3.627672153976381209e-01
3.419349027284814269e-01
3.497770057989044168e-01
3.389462618489109125e-01
3.574012250340088404e-01
3.588489965951557337e-01
3.626541075432511696e-01
3.779387014773898379e-01
3.762415786544159868e-01
3.514606140655342492e-01
3.493481295233636930e-01
3.613993968646892485e-01
3.460795891976359839e-01
3.563788143683813137e-01
3.649287106291861371e-01
3.489611058779005237e-01
3.804882272441645896e-01
3.398203849486822747e-01
3.527279865567710115e-01
3.179328965583008704e-01
3.402848883309104733e-01
3.651318166850343050e-01
3.314818534059286725e-01
2.876596733955123497e-01
3.314611064832517218e-01
3.541130678035852575e-01
3.464175409821367291e-01
3.593165173777713162e-01
3.349219172658120525e-01
3.696158999488395325e-01
3.335592230984339435e-01
1.452383076450408650e+00
9.974324745715067945e-04
2.840380220891338126e-01
