5.795075672135907574e-01
5.444379809934248859e-01
5.727031550300282214e-01
5.150909699472185910e-01
5.163882761674666311e-01
5.645759634397966575e-01
6.230057466283969170e-01
6.266015126436452753e-01
5.407199196081611259e-01
5.524873055581405179e-01
5.206145126987568039e-01
5.256009926686118217e-01
5.374791889246567367e-01
5.676062241979866752e-01
5.192826576556921481e-01
5.942753848694584118e-01
5.756566673434810877e-01
5.325789386929551394e-01
5.551858635275680465e-01
5.488028127426340941e-01
6.252861455239877575e-01
5.594285562153711311e-01
5.425542276940680253e-01
5.957667350304821641e-01
5.329830072587883327e-01
5.926936110668236113e-01
5.458699241283336834e-01
6.054994128303260448e-01
5.539808104432810687e-01
5.914956992193680652e-01
5.349386586724783621e-01
5.123460586706842790e-01
5.516551855049790509e-01
5.890706580321890540e-01
5.702038391050555655e-01
5.584945392226055016e-01
5.486416161722598162e-01
5.080113156322054735e-01
5.004214686016594804e-01
5.728184906145440403e-01
5.096647271963133941e-01
5.713825113513141263e-01
5.240388580994086443e-01
5.313923401777796984e-01
5.400614077476855179e-01
5.693695532390801173e-01
5.492395404598534592e-01
5.957533904902154731e-01
5.334740338777409496e-01
5.707540036154203911e-01
5.726894644908901988e-01
5.166211162678974178e-01
5.434910308532175938e-01
5.258624569829363216e-01
6.131928753109013863e-01
5.640677470558006501e-01
5.627953130191605258e-01
6.332746682838281682e-01
5.333224649439366472e-01
6.140084586119659571e-01
5.334038867790810157e-01
5.263876111882901387e-01
5.466538654208225045e-01
5.768686879239327547e-01
4.852452529903605316e-01
5.212605797606827407e-01
4.975156969821499242e-01
5.508753139237609897e-01
3.593680602167396154e-01
3.604408874526536244e-01
3.297793821509114598e-01
3.670223976229432528e-01
3.476744066125919130e-01
3.521742097630033430e-01
3.294110389399116934e-01
3.483275610966358182e-01
3.669166930383889191e-01
3.485237415118828674e-01
3.679070462783626261e-01
3.783379258368297360e-01
3.508345534796190601e-01
3.380215119789013456e-01
3.646122859651122483e-01
3.379009292895108763e-01
3.416262397445031795e-01
3.645820518245500019e-01
3.558228240760324401e-01
4.066065927280782533e-01
3.326529969214715998e-01
3.629166720965628090e-01
3.341528005734298312e-01
3.403202810297575320e-01
3.638016857513817759e-01
3.396174545369909925e-01
3.129382846818278829e-01
3.265319922537896491e-01
3.470745930049120020e-01
3.463996854184110408e-01
3.622078123433897234e-01
3.605319143875730381e-01
3.676266754065145026e-01
3.439087657973295964e-01
3.623488346569518348e-01
3.587206677557364110e-01
3.323486557367038574e-01
3.615150436256134303e-01
3.246644740886943103e-01
3.632195009413661801e-01
3.347112033690153865e-01
3.519786588698824992e-01
3.535042588481412396e-01
3.515862560247318136e-01
3.625798724133247886e-01
3.707376542978109146e-01
3.506219545629009615e-01
3.436796132234776202e-01
3.529366465254824003e-01
3.389932687552553170e-01
3.516692557714571898e-01
3.646160243118012345e-01
3.623713944991884262e-01
3.811526452644304341e-01
3.364954510587232495e-01
3.616202256223861600e-01
3.348340794275297405e-01
3.338922019244220940e-01
3.593576599501386859e-01
3.417463294623632186e-01
3.093044038368343851e-01
3.325275069907362435e-01
3.486297217209803345e-01
3.573978873422702929e-01
2.987515772041811069e-01
3.429254966434062135e-01
3.494148443099397428e-01
3.453554540293727326e-01
1.456098086242292977e+00
1.014827950893440207e-03
2.953981034831907881e-01
