5.581858978274535366e-01
5.366791802181385407e-01
5.351324001040991263e-01
5.813153034203736302e-01
4.986593561684858344e-01
6.029343149831569715e-01
5.965178329784762701e-01
6.681821821925897353e-01
5.743441492912340074e-01
6.177169470136343321e-01
4.942870372180261374e-01
5.042957903747443682e-01
4.910020039011674942e-01
6.337249956215034175e-01
4.893334963581474351e-01
5.598082168717326557e-01
5.462354666684957616e-01
4.940755855095485538e-01
5.557207372395975842e-01
5.638087379067108218e-01
5.819048632638342822e-01
6.698904600845317914e-01
5.211304235587533862e-01
5.900104863741101324e-01
4.965505516966481347e-01
6.222807944569059835e-01
5.420001760381117917e-01
6.802030207848518417e-01
6.198921325607226196e-01
6.364648255354887763e-01
4.904444403296782662e-01
4.828748284093560272e-01
5.393110632807196492e-01
5.647798395959801043e-01
5.638325653111011526e-01
5.820092831514029896e-01
5.727070530252279523e-01
6.838547679946906932e-01
4.994878839433397610e-01
6.127408606017491488e-01
5.631604092671399497e-01
6.244525147422758105e-01
6.742885360853693166e-01
6.006570847333962959e-01
5.495942307086770784e-01
5.811890089659725867e-01
5.685826614153619563e-01
6.520583885797813783e-01
5.406006585778213580e-01
5.862122100231386135e-01
6.115212793281070702e-01
5.488269127893475874e-01
5.773473789262556499e-01
5.579602816613196126e-01
5.663634814582092503e-01
7.379119225607946309e-01
5.845169837619070830e-01
5.761031232638162969e-01
5.287922360508352515e-01
6.461539222309896635e-01
6.189349079549694155e-01
6.561361648176914363e-01
6.356365219396457045e-01
6.071888406724417209e-01
5.627685157771772362e-01
4.895865263958599223e-01
5.471229852920275194e-01
6.315604822993670098e-01
3.643118657372337865e-01
3.704782050901938573e-01
3.517159840777450697e-01
3.689778463307211154e-01
2.918254660555736901e-01
3.569565136294017837e-01
3.393167425999694675e-01
3.407152941900135623e-01
3.648872487400154907e-01
3.505714061929706693e-01
3.691100893109753311e-01
3.773751393305460611e-01
3.181668064632551252e-01
3.349756897206967454e-01
3.008401354166769237e-01
3.481793624069417503e-01
3.400293059465385181e-01
2.990182840346014004e-01
3.752271627117910735e-01
3.695879346645334906e-01
3.346607894666999705e-01
3.508969573857981250e-01
3.259442025566487433e-01
3.442228759784550784e-01
3.429593011413437087e-01
3.274917024764740781e-01
3.290872444322059942e-01
3.031305261768056925e-01
3.489255554107767998e-01
3.370991041263329269e-01
3.147103855832235064e-01
3.144006104236664045e-01
3.672499321378216997e-01
3.346939358516736740e-01
3.812827739947180494e-01
3.664482017435556904e-01
3.918031091191172544e-01
3.497924987107491890e-01
3.271701564221453640e-01
3.596122408887254540e-01
3.277576778048228445e-01
3.594848082370136200e-01
3.460674959714149512e-01
3.499636579018230442e-01
3.559001563966717185e-01
3.703690193391325769e-01
3.597239809236086328e-01
3.318506077099204754e-01
3.759359022651047044e-01
3.363328338068576895e-01
3.625179800757520887e-01
3.702437056783534630e-01
3.688237247564579158e-01
3.556578425428574275e-01
3.458018029919097125e-01
3.396687064604319017e-01
3.138149204597593944e-01
3.329291053997031624e-01
3.849670883775805907e-01
3.290802157185181431e-01
2.783353486632288987e-01
3.110933033295625316e-01
3.522394060030566432e-01
3.388573488316532489e-01
3.813529399348851157e-01
3.227675152395246272e-01
3.706673133148740140e-01
3.393833125409451701e-01
1.590970913680066046e+00
9.685565000943309379e-04
4.125420056156020587e-01
