5.238104993781795837e-01
5.575451913230478063e-01
4.815830262362694736e-01
4.904272245892684623e-01
4.946243557925984469e-01
5.750532315767226121e-01
5.236421641347204226e-01
5.231266155227995984e-01
5.290978609705994096e-01
5.345662519371795485e-01
4.987956770711272636e-01
5.220092525652115789e-01
4.928061872638852536e-01
5.416393041697786792e-01
4.962342024379189920e-01
5.167135785617829047e-01
5.058728424048862804e-01
4.960920863560163152e-01
5.113292189764463425e-01
4.939906133765565865e-01
5.785838747474428834e-01
5.081962255987048094e-01
5.036177083316122349e-01
5.450531247820276093e-01
4.996011496609588654e-01
5.914775485066665617e-01
5.803380291631141663e-01
5.768745260396556107e-01
5.707010883093519560e-01
5.713134171915679183e-01
4.980246540916257181e-01
5.058523586717502685e-01
5.083137847781354912e-01
5.493462711163439316e-01
5.373113194053378283e-01
5.132185706305366635e-01
5.202953730260364562e-01
5.207230855734980013e-01
4.994828950978958404e-01
4.766882138525547208e-01
5.748380155997775409e-01
5.257966582400380728e-01
6.017087041983182338e-01
4.935207338476235162e-01
5.410385198604994450e-01
4.944415283345237055e-01
4.992748142794098953e-01
5.167058216467893539e-01
5.291865103716638652e-01
5.386638088271622493e-01
5.956568093122301955e-01
5.291387836742723616e-01
6.082753829215984398e-01
5.018991061758931727e-01
6.654816826565673749e-01
5.521177742287469714e-01
6.096200093590328217e-01
6.000109880965591724e-01
4.809265410604264823e-01
5.794308443750793014e-01
5.928710968170000095e-01
6.358457641403253424e-01
5.237545756712111977e-01
6.098535138693763624e-01
5.034988225201934009e-01
4.946661937014912303e-01
5.178462975452583494e-01
6.695378045878100925e-01
3.542411083398805394e-01
3.444887136661385907e-01
3.431098682881111861e-01
3.389719807091172155e-01
2.855302131299400359e-01
3.450921754123807417e-01
3.353629938716583547e-01
3.356449472353232877e-01
3.401419677969598210e-01
3.365599607005327343e-01
3.353902575404508757e-01
3.623227146638245411e-01
2.734285040155526869e-01
3.353089045685247460e-01
2.955997529640845278e-01
3.578326093814586661e-01
3.457084252553012660e-01
2.980069905541080644e-01
3.492314879092012769e-01
3.466131693962899996e-01
3.353255519115750372e-01
3.453305431797739633e-01
3.294072003886626132e-01
3.374016573576774092e-01
3.073103087293873603e-01
3.364947331232186478e-01
3.289129143457397153e-01
3.251210132986487866e-01
3.324133084342305033e-01
3.378335159935278997e-01
2.747163952156138067e-01
3.074436317989866496e-01
3.324939168412140433e-01
3.385445723582755639e-01
4.002670572767127455e-01
3.613777404514735281e-01
4.274441678426871283e-01
3.583386610295659636e-01
2.964999184647287844e-01
3.791382999145696542e-01
3.314900386610727945e-01
3.647742508081350254e-01
3.424170820220520661e-01
3.550953970385968828e-01
3.484912242807823302e-01
3.773049158177456675e-01
2.939486682139950124e-01
3.495739715594364250e-01
3.556279092679253129e-01
3.502518854899026590e-01
3.559950696703273465e-01
3.521225172811886517e-01
3.579396957755286435e-01
3.989419001602216297e-01
3.317436612766511694e-01
3.462183722240532169e-01
3.203172079090676472e-01
3.290569957811262936e-01
3.534956596144873675e-01
3.412282592377606782e-01
2.789370243476753108e-01
3.211453555424220174e-01
3.523315619944016319e-01
3.480825362224863606e-01
3.839796368058868703e-01
3.922146453137564936e-01
3.673376342143149231e-01
3.361484993819418565e-01
1.565874368267020422e+00
9.963237034453652392e-04
3.489783706809033714e-01
