5.864022735842606693e-01
5.826985526414414363e-01
5.097880501732660052e-01
7.546924270032812077e-01
5.116011770480430876e-01
5.905860377641160008e-01
5.095611770880403846e-01
7.131433667262061515e-01
7.574604091958044849e-01
7.601409252032432784e-01
5.451667390205366948e-01
5.537568496814520014e-01
6.166721664214296350e-01
6.266748239190700343e-01
5.384194247837140734e-01
6.690107955739570400e-01
6.088099992603088761e-01
5.577781236107279828e-01
6.405516758816364176e-01
6.023894808336834883e-01
6.167063228654368068e-01
8.172394081987253145e-01
5.386007116675094464e-01
5.829625511472688038e-01
6.043324747137684971e-01
6.853259330962084839e-01
4.883691432347619377e-01
6.051753313476451179e-01
5.680005371604970321e-01
6.465411708275368152e-01
5.391326894556472960e-01
5.042683571587848190e-01
5.164260533637100581e-01
5.706496352772347791e-01
5.924183097202496695e-01
5.911045757230476427e-01
6.024661541142576349e-01
6.824168080163974803e-01
5.135217831314056181e-01
6.219541223045667033e-01
5.373734575418365189e-01
6.534457949551385481e-01
6.268675215630754582e-01
7.141320406503403051e-01
5.500060801096540164e-01
6.713487267833605499e-01
5.979975852025679606e-01
6.970172664304805643e-01
5.569186026275008139e-01
6.261684639553302123e-01
6.608635443467583137e-01
6.015874874052861143e-01
6.483071901412083005e-01
6.117176342490616703e-01
6.837918086107807047e-01
6.768332884647926262e-01
5.963539818088513522e-01
5.794223670583580343e-01
5.358928801150273369e-01
7.079208601134487910e-01
4.571409770956770813e-01
5.718428470906966599e-01
5.921356248186356863e-01
6.238343957299302689e-01
5.389130987710071263e-01
5.272251013796253050e-01
5.065385057548517089e-01
5.819146884062645908e-01
3.619804469705470429e-01
3.419297883802848159e-01
3.242725177780272916e-01
3.393354893187437438e-01
3.418971242288603718e-01
3.590678085815765530e-01
3.267926312335099892e-01
3.369186146406352722e-01
3.375689073583788002e-01
3.293917080883187465e-01
3.553915655667004847e-01
3.659633914212175321e-01
3.455878850218701559e-01
3.291149452385134788e-01
3.545399413532541733e-01
3.396087413071877115e-01
3.434581984952397860e-01
3.591650508715789059e-01
3.505904807270310841e-01
3.669993380369488967e-01
3.379295518533879106e-01
3.328962069349200026e-01
3.314816941548404672e-01
3.350885889063911494e-01
3.541171413718807170e-01
3.345907105640028578e-01
3.304732036313060561e-01
3.241284090594122591e-01
3.472959594252104654e-01
3.509023095373490220e-01
3.642568446471979859e-01
2.905101283750693986e-01
3.745191302354096141e-01
3.514822577062290954e-01
3.552336115838790054e-01
3.574025762791162575e-01
3.913726244450417835e-01
3.455485741245148956e-01
3.392265372718836214e-01
3.509500964710502990e-01
3.259610728577967964e-01
3.399121877557738092e-01
3.516279805505199696e-01
3.352172405700917790e-01
3.618933855509446906e-01
3.511518835648538284e-01
3.424642750625414012e-01
3.335239009177462521e-01
3.687897163465856387e-01
3.482507605490229863e-01
3.423628600713737868e-01
3.570997957192548200e-01
3.395650258815108846e-01
3.618665061807521677e-01
3.322271252211424497e-01
3.489383223360157937e-01
3.233716722249075359e-01
3.343113149796012595e-01
3.630350353990419721e-01
3.299054111385515409e-01
2.836161603032422707e-01
3.247510308404842339e-01
3.472546977156235060e-01
3.486735471573073619e-01
3.519130085655823303e-01
3.781922346016066139e-01
3.692731222149986392e-01
3.470554956172741679e-01
1.525984778641150896e+00
9.629587421477118613e-04
3.022095139489450744e-01
