5.336273444770383012e-01
5.283178375403150273e-01
4.993431831464269499e-01
5.348615387576454161e-01
5.017081502239718604e-01
5.341703456450536125e-01
5.685385869442857176e-01
5.496143242311538613e-01
5.183681291561856863e-01
5.383871487108307097e-01
5.073972837920847079e-01
5.200128362512065339e-01
4.981902366162618834e-01
5.400520929477262699e-01
4.991457076431099482e-01
5.694771167427945535e-01
5.541200181605608899e-01
5.050777099804540926e-01
5.152839376118005799e-01
5.206988563071112130e-01
5.946600801122026159e-01
5.241463652836765297e-01
5.933761891173625624e-01
5.797563099200104819e-01
5.066401150773087725e-01
6.673039922601770035e-01
5.635292898389852034e-01
5.835141031929454991e-01
5.594628837560786661e-01
5.827886638567251198e-01
4.924461324409034613e-01
5.045114015370493199e-01
5.150219832448212909e-01
5.334170682451561118e-01
5.261266111609688156e-01
5.427554935458185348e-01
5.350772519293028884e-01
5.415783026854893434e-01
5.036028321888514903e-01
5.680520485161915101e-01
4.681688244996515813e-01
5.716870415029045027e-01
5.619853488900323768e-01
6.433233109489325807e-01
5.235444264137626424e-01
5.720177970439492832e-01
4.981896839002594168e-01
5.428314489022662004e-01
5.270953535383573474e-01
5.788837296575283231e-01
5.809754577218899652e-01
5.183891354745203683e-01
5.813461662626615567e-01
4.894907991729878782e-01
6.508025460408050078e-01
5.629876270958759088e-01
7.147231342640946172e-01
5.901441865490608674e-01
5.170556483701170825e-01
6.436382400203350951e-01
5.818328375791969043e-01
6.327464264182699472e-01
5.964204252387822480e-01
6.152303993108296787e-01
5.407705499952255579e-01
5.032994369961764081e-01
5.221376032069562356e-01
5.565841739960463164e-01
3.624569260753935929e-01
3.561624387958893800e-01
3.385205182582181060e-01
3.615647167237334703e-01
2.979999773298825372e-01
3.531377900862791019e-01
3.318899468575772227e-01
3.475784857063320410e-01
3.538429215935796623e-01
3.392047585034735357e-01
3.633016248232689427e-01
3.775619529885070325e-01
2.928708345687643932e-01
3.288398208889619645e-01
3.051127396873931086e-01
3.555863742878783151e-01
3.450670539275870197e-01
3.473631866027472870e-01
3.646575566787597089e-01
3.663686309088220461e-01
3.395966051514043293e-01
3.657748901468777514e-01
3.300890873078298760e-01
3.401727792378232418e-01
3.488969110430760190e-01
3.359291658470806019e-01
3.267812081488950526e-01
3.245600503732179454e-01
3.469856143813304650e-01
3.420874762609098507e-01
3.074181656339192714e-01
2.988596572988983513e-01
3.579848950002085251e-01
3.521752256391646463e-01
3.613882051976637366e-01
3.549146610833733839e-01
3.703734520951010856e-01
3.618887425020984039e-01
3.112882462491486923e-01
3.473306369911703384e-01
3.361105703064323769e-01
3.464388960752592950e-01
3.533220787516243022e-01
3.381794506561965341e-01
3.514433277050624804e-01
3.325313956799189063e-01
2.920317995476194306e-01
3.294790207170815721e-01
3.617992264773321476e-01
3.518444401110311648e-01
3.645051007788681630e-01
3.665624131953198472e-01
3.645593415852213526e-01
3.575783833606738793e-01
3.428000943630469255e-01
3.569038329293813816e-01
3.225796204423854174e-01
3.343028638941202835e-01
3.554547996548328981e-01
3.404321814221452080e-01
2.973356724008459073e-01
3.228325256105877283e-01
3.444456283830296672e-01
3.450221248226727488e-01
3.993081594094189390e-01
3.049261687466287007e-01
3.623860162469286772e-01
3.465466784527891364e-01
1.446300962748680474e+00
9.813700893455431888e-04
3.232472244466995104e-01
