5.667777717255851888e-01
5.279456631006539391e-01
5.386260557886219935e-01
4.675015809362736419e-01
5.020487730740775811e-01
6.090553081754940257e-01
5.891470863544902015e-01
6.400105961615494277e-01
6.728550506294782574e-01
6.572483967401030469e-01
5.322342493132168340e-01
5.588119555735153732e-01
5.280677723178628380e-01
6.477289078111726495e-01
5.179530288433658036e-01
5.390550498744368646e-01
5.519792736004537348e-01
4.850270651848414549e-01
5.278013879611282988e-01
4.838458972271726943e-01
5.825999414655089748e-01
5.544276980407043531e-01
5.452328989248933500e-01
6.229713425903964374e-01
5.091918839411371245e-01
5.665068766585069637e-01
5.255369037326589332e-01
7.132870927592807053e-01
6.449555558284978396e-01
5.989359810141807738e-01
4.925155088584471375e-01
5.132712116265059077e-01
5.256375881184303100e-01
5.971998434474057316e-01
4.918026017029586416e-01
5.886587655903837701e-01
5.438608531959232550e-01
4.832434555743839733e-01
4.833025517941848537e-01
6.311572326043152215e-01
6.144186630593944098e-01
5.608909970316624527e-01
6.592747719816279828e-01
6.015808162324571828e-01
6.011149216463957945e-01
6.281286660601397287e-01
5.276998804502319729e-01
5.893973530642900860e-01
5.068906895661278167e-01
5.510961804397876973e-01
5.562986235021653014e-01
5.885947698954555607e-01
6.839558711313463713e-01
5.035726699534641693e-01
6.146331420400551471e-01
6.198678185691782749e-01
5.412341963375451037e-01
6.646839874573712281e-01
5.292820436387001282e-01
5.525787884773631919e-01
5.234462252723589559e-01
5.690855596362175417e-01
5.674982229381588805e-01
6.123902899663958843e-01
4.992246411358871594e-01
5.012580558036013878e-01
4.924355897928295311e-01
6.837715153858401340e-01
3.556559870995496531e-01
3.643420855749308629e-01
3.318702427604814376e-01
3.647897835955924428e-01
2.974112836522126990e-01
3.421387488246808717e-01
3.317202490296302098e-01
3.358274696825550576e-01
3.388874084905702522e-01
3.395609083058728217e-01
3.560496516410647794e-01
3.477485240512528941e-01
3.611869489520310172e-01
3.329297650101367689e-01
3.642770491805208954e-01
3.495997835265489684e-01
3.473210267598910717e-01
3.422616168579105111e-01
3.743947541411707935e-01
3.508865206530067948e-01
3.394526347656224297e-01
3.665774853622928431e-01
3.354438919653158213e-01
3.234344124792902231e-01
3.735015544368520124e-01
3.439011951242841314e-01
3.145506824250698941e-01
3.185519824212730278e-01
3.390279662036478348e-01
3.374639588798294398e-01
2.637624810463728986e-01
2.620767603755842501e-01
3.551002402529774837e-01
3.500858843878081328e-01
3.592405680327245276e-01
3.597880816022165917e-01
3.411460498439951028e-01
3.629047638920303576e-01
3.557421037501597438e-01
3.398431624083553260e-01
3.281851146946415665e-01
3.429181098304407427e-01
3.409800153655937471e-01
3.442222195370127080e-01
3.554662806489464200e-01
3.432310488002661697e-01
3.587030153736908145e-01
3.465676608901082645e-01
3.586300277656362390e-01
3.479243613177487870e-01
3.646508010796262744e-01
3.507356076994578298e-01
3.418834790561769976e-01
3.461084604380579299e-01
3.407576748840914216e-01
3.492342601072060404e-01
3.400847911316346450e-01
3.243935963848232351e-01
3.696029651333990751e-01
3.421715225879454203e-01
3.135383370627832789e-01
3.247003784350874778e-01
3.513762839078062306e-01
3.419980291476959477e-01
3.543512189274946600e-01
2.799000949219286327e-01
3.567169063066441548e-01
3.284094387189915309e-01
1.488103966161961944e+00
9.670546009380866876e-04
3.976514972670435188e-01
