5.947683679095029374e-01
6.107651529626934028e-01
7.159122045514644261e-01
4.538226213671294196e-01
5.093953932746025925e-01
5.864064726601651012e-01
6.750468682661929787e-01
5.493375527609447584e-01
5.189897438105115501e-01
6.235717896413329742e-01
5.874125211574275918e-01
7.737311321390409891e-01
6.456099678464729541e-01
6.177891489786772050e-01
6.769897664764287226e-01
6.173885998842447709e-01
7.326562258632360880e-01
6.068982637766209276e-01
5.731061526960974373e-01
6.425780380643024703e-01
6.510370058357519696e-01
5.812898031093891582e-01
6.558591471737194034e-01
5.446959001519923182e-01
5.350053053926794311e-01
6.901053522485928182e-01
5.335434294858260040e-01
7.505729032180634697e-01
6.345055187151360521e-01
6.440320352349118149e-01
5.546551269604055312e-01
4.964741085168138390e-01
4.579909850403887095e-01
5.934914769498480513e-01
5.738510727517780463e-01
6.218018055162022328e-01
6.583323938450433843e-01
5.292419817768957424e-01
5.087177717481965455e-01
6.219025228708051634e-01
7.768118047309511276e-01
5.696822717743390552e-01
5.726653217786958905e-01
5.319305985889581923e-01
5.372774883075269736e-01
8.004420163047345493e-01
6.473196239665452989e-01
5.881993247010738335e-01
8.037579920894771801e-01
6.210640422793097803e-01
6.244577735932724805e-01
5.351296014354208763e-01
5.742003771137669244e-01
7.650581127566102868e-01
7.327845173262750311e-01
5.817029556720783035e-01
7.370376813911900804e-01
5.454231169661225564e-01
5.473942715482712496e-01
7.178833396028639902e-01
4.977145410860610575e-01
5.072762820521348193e-01
5.809884352838818877e-01
5.530850957662165612e-01
5.043217584525856445e-01
5.048672135860534649e-01
4.950047293670812310e-01
5.635744712609667140e-01
3.600087203822974202e-01
3.542684216060548175e-01
3.283230139810257020e-01
3.631493849765312643e-01
2.968366987048237648e-01
3.570248337758700763e-01
3.259029065543821990e-01
3.589889260219649159e-01
3.592191321423495176e-01
3.388060596643829858e-01
3.582412097999522760e-01
3.350896112799797710e-01
3.435423205957460202e-01
3.410206630053180255e-01
3.479484004027399990e-01
3.430347268209556488e-01
3.283045995000075101e-01
3.565932214588840576e-01
3.622540557152048035e-01
3.512705588290905290e-01
3.324074062421003561e-01
3.564846050866806171e-01
3.224156503647097050e-01
3.444121751363136141e-01
3.621154255325216842e-01
3.354203107735733713e-01
3.021310258024142992e-01
3.144254578738983064e-01
3.324858462094076317e-01
3.375730660287526441e-01
3.601474782380874595e-01
2.722393904101118589e-01
3.388762064986005074e-01
3.428576684327804824e-01
3.607981286353602601e-01
3.453748779693514570e-01
3.327014907033142288e-01
3.587564881559021090e-01
3.111886338518095041e-01
3.498978950724004888e-01
3.156179333766686579e-01
3.572558414287494988e-01
3.514398482374891386e-01
3.483477403933200045e-01
3.622585342845477951e-01
3.319578087449222559e-01
3.484193563402858684e-01
3.450956243588741423e-01
3.347548621651829093e-01
3.330002224977949843e-01
3.446420972607104338e-01
3.677308645196302184e-01
3.620950624334812740e-01
3.369579164056372700e-01
3.301185331464579487e-01
3.541840985150611076e-01
3.162506450076500997e-01
3.399591954839042418e-01
3.626790366291084422e-01
3.280099387602286587e-01
3.417427669043560101e-01
3.317574783255102799e-01
3.779456976506131993e-01
3.556033981810589606e-01
2.578329786506073362e-01
3.418891176051268022e-01
2.827830406094332116e-01
3.369326799439589792e-01
1.450230953357222852e+00
8.256751268903046856e-04
4.540543626592687398e-01
