5.981401158211764324e-01
5.482000558413790969e-01
5.257480031151422484e-01
5.620090981146427245e-01
5.082321782230048157e-01
5.897915185649936776e-01
5.846524344580802390e-01
5.565907261232249104e-01
5.418173061252037348e-01
5.568738077282617827e-01
5.271668710042882733e-01
5.593893816768085170e-01
5.196334320353256375e-01
6.253558128781936398e-01
5.389368618988392701e-01
5.614261169055080325e-01
5.564872136121181700e-01
5.254546980037526627e-01
5.293631677078307618e-01
5.994526435519047514e-01
5.539887366484815834e-01
5.446440239608164591e-01
5.209586747120937833e-01
5.250911121264628667e-01
5.208410327259809236e-01
5.399171587515533277e-01
5.083224920186327767e-01
5.805640527924994521e-01
5.248694717739881277e-01
5.984421958521273233e-01
4.782782075369834685e-01
5.233573436566446579e-01
5.318237832750045690e-01
5.231809055619376370e-01
5.845154529088906203e-01
5.230301250589503015e-01
5.392087120205625306e-01
5.347347162035611667e-01
5.005286856533006645e-01
5.679606481553775010e-01
5.404329305842866527e-01
6.146075808773510118e-01
5.380867624259221271e-01
5.473774998255162005e-01
5.525291689076536894e-01
5.826748440238783688e-01
5.186151025040790508e-01
5.776217116641733096e-01
5.288331904773406755e-01
5.575112497041307957e-01
5.696828044385556788e-01
5.230632364966275594e-01
5.538980121562743220e-01
5.759286063326229943e-01
5.852658974149478333e-01
5.870237775660226420e-01
5.384791028535894641e-01
5.164040257968924852e-01
5.248711184503372928e-01
5.548107321716040374e-01
5.099883940778783264e-01
5.171535226494855531e-01
6.122790958874186895e-01
5.653670868692716178e-01
5.191847310376545011e-01
5.653891291819240772e-01
5.329035925523273320e-01
6.501815880868017095e-01
3.606652242766824057e-01
3.285341017576164924e-01
3.407051914139555548e-01
3.354701917517067256e-01
3.185055605901537246e-01
3.546574258598677032e-01
3.307438366159708987e-01
3.449144087071623899e-01
3.508887322397747921e-01
3.536354504156858369e-01
3.550795260251088936e-01
3.445996709011882042e-01
3.414548150513913582e-01
3.361293343453213844e-01
3.576946725479404066e-01
3.512567662223243792e-01
3.532070167367544755e-01
3.469968551320837258e-01
3.548233332563399123e-01
3.621019263467126215e-01
3.381606984021146567e-01
3.314015071704790039e-01
3.418727480325770007e-01
3.337736036311295118e-01
3.420784070451579617e-01
3.490598102701317207e-01
3.144682587143763919e-01
3.299387561023941484e-01
3.527071353193494962e-01
3.363534827996343402e-01
3.141243142099375829e-01
3.392030287159693569e-01
3.535803827355168405e-01
3.456915762939256065e-01
3.640146411529818216e-01
3.362798119765949556e-01
3.397302620646612259e-01
3.592344349984654128e-01
3.285578692493207886e-01
3.588039982683038365e-01
3.316483756434639996e-01
3.517350406949798503e-01
3.492461668158535759e-01
3.490084478077239982e-01
3.485801918073193062e-01
3.415215027446711904e-01
3.421380186837038040e-01
3.479139940112845886e-01
3.502287007361890026e-01
3.226585080402408212e-01
3.407320579992406673e-01
3.435705272732755833e-01
3.550738885251692456e-01
3.548337099430943220e-01
3.395211771136324441e-01
3.500867968363107208e-01
3.378134451444894659e-01
3.355270897701108090e-01
3.470819968526146493e-01
3.388740423611601993e-01
3.153122500293408792e-01
3.346411095932834145e-01
3.470303816439848088e-01
3.446325032715464309e-01
3.343520964219746650e-01
3.483713191765214212e-01
3.622081259983910284e-01
3.264463253847214586e-01
1.635268061845075671e+00
1.006480352473507764e-03
4.317152760482335094e-01
