5.599855530686620453e-01
5.562297642075604287e-01
5.159767087590467760e-01
5.083774511281192732e-01
5.104705202281955012e-01
5.457634843082519449e-01
6.685765352935751915e-01
5.124191736436912725e-01
5.269354455545031124e-01
5.279477602061161123e-01
5.484710076756454944e-01
5.439475679019590837e-01
5.705836918999327434e-01
5.593910856555271982e-01
5.205869944982247643e-01
5.809778978607715860e-01
5.619072415656155561e-01
5.204549090974099901e-01
4.985216134404315547e-01
7.204387454714833439e-01
5.251715890734985903e-01
5.797359577170360101e-01
5.454159473481732245e-01
5.810853697546146668e-01
4.988072462674001395e-01
4.846875149829925622e-01
5.713578815637309072e-01
5.125294429487939896e-01
5.377140528434602995e-01
4.939751876526485841e-01
5.332967429783791458e-01
5.398316910813795166e-01
5.743846339199376594e-01
4.979670174535361649e-01
5.642779067955172589e-01
5.291796962579533581e-01
5.457175734587322857e-01
5.046426736538056623e-01
4.824429269087981420e-01
5.828896433983374870e-01
5.329485760202724576e-01
6.433713079847620531e-01
5.200699114991472749e-01
6.473065560289303910e-01
5.515892695024995351e-01
5.432510705302440179e-01
5.457557849488783308e-01
5.681553722941199425e-01
5.880509018071187199e-01
5.159040347145710248e-01
6.621374800113820625e-01
5.486711526355338986e-01
5.395075127689589189e-01
5.312154616013685660e-01
5.539871715993761603e-01
4.994792395575711197e-01
5.848039554126145401e-01
5.611941750061650858e-01
5.516456654736739962e-01
5.620701872043566416e-01
5.967905818018496289e-01
5.276403506370727081e-01
5.603765727459888435e-01
5.675483319403615834e-01
5.653289867595115981e-01
6.119241778205054549e-01
5.449936360184598483e-01
5.461342729971339072e-01
3.546239074160515981e-01
3.556947699342574154e-01
3.418785220693381643e-01
3.579089721493565190e-01
3.114821690150216260e-01
3.552548819086994714e-01
3.280396512097493722e-01
3.537385695528736385e-01
3.572845481155135228e-01
3.492098861165497392e-01
3.548262075101112356e-01
3.581203408198235238e-01
3.565103714329754259e-01
3.462655720482702981e-01
3.610101442478620970e-01
3.416032451940747561e-01
3.360616385725084254e-01
3.631182446279787590e-01
3.609357410909384001e-01
3.411024117324797933e-01
3.463059242218554101e-01
3.504255989897297474e-01
3.332130665881570253e-01
3.384197362648392882e-01
3.656137072938434596e-01
3.520289779686544551e-01
3.210106651654054954e-01
3.324612630742517227e-01
3.510420538763515119e-01
3.539455624118194588e-01
3.546863379886406875e-01
3.277655583020460672e-01
3.586700425932913272e-01
3.532940951735470958e-01
3.571045006859462356e-01
3.600824504393004832e-01
3.805872735740276069e-01
3.616946521287001670e-01
2.742520635076954316e-01
3.503776036390094384e-01
3.393554442659726389e-01
3.436102457783405950e-01
3.643018148384760124e-01
3.403358027408208142e-01
3.607780279086380548e-01
3.575222340011278144e-01
3.509330501079258591e-01
3.482416369324523031e-01
3.493462642084547709e-01
3.459682566818188532e-01
3.422631093171404348e-01
3.608463526687130662e-01
3.633713483562335811e-01
3.593590792250791477e-01
3.410382210456149310e-01
3.570686133451539401e-01
3.300000834416292328e-01
3.342172309909056116e-01
3.692248461688147354e-01
3.450178799203572622e-01
2.969033313317473999e-01
3.268689084048978510e-01
3.543431041758988154e-01
3.447227267173549881e-01
3.387468824112103705e-01
3.407592979471822381e-01
3.628401716968415180e-01
3.408733093631966526e-01
1.490944124949993510e+00
9.550031620943366011e-04
3.151249252313186311e-01
