4.321393456401390609e-01
5.571265673767484827e-01
5.047605844941649433e-01
5.705842686908075834e-01
5.384693455068428891e-01
5.120083211058568118e-01
5.444126787878660334e-01
5.381513405051816523e-01
6.091275864120826444e-01
5.723445944551901476e-01
5.428452383354874788e-01
4.979502548323448963e-01
4.966776226798181315e-01
5.535241433126936172e-01
5.210260254713804384e-01
4.717436486453062128e-01
4.756771431024374719e-01
5.417014930914119120e-01
4.992326559658883389e-01
5.669717518864584305e-01
5.127769913025040927e-01
5.537950038509932282e-01
4.876811958388546087e-01
5.827553322731738872e-01
5.242068783659894482e-01
4.904502160630874741e-01
5.025723766236828149e-01
5.040486033289807155e-01
5.366273883428926972e-01
5.274888562364237199e-01
4.890263761575392998e-01
4.745115394637834383e-01
5.084350182853375477e-01
5.090283905242005691e-01
4.994614068262624995e-01
5.320957926958691520e-01
4.891311529528501456e-01
5.827451942926963335e-01
5.133846495379994490e-01
6.218899082571396342e-01
6.142594230798572585e-01
5.790173251153796219e-01
6.096941987247518346e-01
5.854050704898322577e-01
5.855392691459146981e-01
6.051548830380606425e-01
4.997273803812377069e-01
5.982299444921115317e-01
5.241547555435476236e-01
4.950970409717359577e-01
5.081764852014302170e-01
5.582226526224062235e-01
5.527883953477948920e-01
5.260103008710526051e-01
5.392264438729794662e-01
5.798450649253441558e-01
5.060656289268302688e-01
5.794913762627662557e-01
5.312461350816843897e-01
5.138049551583119268e-01
4.884767116598960346e-01
5.929356450051990191e-01
6.035171878962911629e-01
5.568616056024857652e-01
4.932338838437384521e-01
5.151526519986082686e-01
5.213831640713738613e-01
5.599196943270194904e-01
3.352958740282422911e-01
3.295038585157775701e-01
3.037607015576342384e-01
3.391295027486185276e-01
2.949753469491385727e-01
3.318335388467716918e-01
3.292669315612428149e-01
3.417799259529614719e-01
3.445518066022592585e-01
3.341502911063771730e-01
3.480001212567140900e-01
3.342561488932430103e-01
3.373253215986909415e-01
3.362044983396185738e-01
3.380341797871671550e-01
3.400338529121323949e-01
3.417491331910225694e-01
3.461533470820805092e-01
3.552334124553785943e-01
3.658505001568156945e-01
3.372847312927266250e-01
3.457306495272847169e-01
3.440181179346386009e-01
3.303217737410353849e-01
3.326504360061522392e-01
3.523697436162984697e-01
3.132180096791604695e-01
3.316564672492020582e-01
3.382128603943907463e-01
3.407302816704246839e-01
3.413371588652229227e-01
2.997783719185466156e-01
3.390687856729184824e-01
3.452931531777315710e-01
3.645888334005700782e-01
3.420981009001768380e-01
3.373060056532796724e-01
3.588377087110473096e-01
3.503015160282447193e-01
3.642642095739551666e-01
3.338115644192766740e-01
3.607952948453111430e-01
3.450177318095876133e-01
3.457719200463314491e-01
3.473885126113981370e-01
3.606056532929904357e-01
3.521466989683462723e-01
3.476395661855988806e-01
3.616196563941578845e-01
3.462066749756275152e-01
3.445409737099454639e-01
3.545583188533812380e-01
3.496287749333886197e-01
3.835975372705649478e-01
3.418650483668924100e-01
3.352900774349343860e-01
3.463102819513546593e-01
3.332308983836502203e-01
3.311116967706850267e-01
3.572763856208071576e-01
3.159058433688459178e-01
3.221040016313621579e-01
3.559676026056184939e-01
3.481833394478994759e-01
2.832053137920471086e-01
3.109955120127383954e-01
3.731954308923160490e-01
3.423646223417536882e-01
1.696706150423566539e+00
1.008896499494753079e-03
3.296037219224736692e-01
