7.352985604743916825e-01
7.751665297883306716e-01
5.868008689366092101e-01
7.694883429336883962e-01
4.843287650792506560e-01
6.814159945884376013e-01
4.955112185725034091e-01
6.402510913294383599e-01
8.435194580129226072e-01
7.426906719871581020e-01
6.708916144552683480e-01
7.385619076593347154e-01
7.975097620423494682e-01
6.331412302623826704e-01
5.944975871933086964e-01
6.433765861424656229e-01
6.425059438817586344e-01
7.582475965794981398e-01
7.411768568337147034e-01
7.067335289308047663e-01
6.984886991347737384e-01
5.754326666044079497e-01
4.883233949754060554e-01
4.964773253557251964e-01
5.891670671305799800e-01
6.157733000043460470e-01
4.557569288984426037e-01
5.872929341595101160e-01
6.053261903370220631e-01
5.018446122910014129e-01
6.561862634341226741e-01
4.841302469357139371e-01
7.570865716452737093e-01
5.667970246103550824e-01
7.359077490555269163e-01
5.699121919547516235e-01
4.914311279137503208e-01
7.672277115473388198e-01
4.790377339511288635e-01
5.962529296806987622e-01
4.779969441152673859e-01
6.027609205935328118e-01
5.625210330317484964e-01
7.777887738095123904e-01
5.392706316658308907e-01
7.331965144802793377e-01
6.373470142276999040e-01
6.698683246974755923e-01
6.351752149381387769e-01
5.853087738092340730e-01
6.667275927447087192e-01
6.068817854990595784e-01
6.745983899868637224e-01
5.666018891663249235e-01
5.573268313302794930e-01
6.209004236834148038e-01
4.608752214344844500e-01
5.553471946202777065e-01
7.883240225580651073e-01
6.107228425645060410e-01
4.836353776948670302e-01
6.542527534328206329e-01
6.625313002332168244e-01
6.658142034749866545e-01
5.748224234143748390e-01
4.757785049495633634e-01
6.204672557340842332e-01
5.993012334251698325e-01
3.405118918736901867e-01
3.331982677914876456e-01
4.220036173018666403e-01
3.322112481241867865e-01
2.795064961156588090e-01
3.401823715858793284e-01
3.370840478826477304e-01
3.391565637955514800e-01
3.255007137379644644e-01
3.274391524982218082e-01
3.437986914016137319e-01
3.368713120901202784e-01
3.280335797584094104e-01
3.320045471452708341e-01
3.576095065694565589e-01
3.479789141570853173e-01
3.313688931631788570e-01
3.374600194798563768e-01
3.367632860605587197e-01
3.417824120271626964e-01
3.225082367842029840e-01
3.549351461429958166e-01
3.045821753173509894e-01
3.485360948575543794e-01
3.561791818232207807e-01
3.297600683434286917e-01
3.181145769138693513e-01
3.122184282119586096e-01
3.418697541174399168e-01
3.486269082287534182e-01
3.502467745462153337e-01
2.654116119456543799e-01
3.441291872708835964e-01
3.420356069497332840e-01
3.425090039762658800e-01
3.517848146172972146e-01
3.276164170493011674e-01
3.319374166066130782e-01
3.297214101119731455e-01
3.440579455766551442e-01
3.471627416583188963e-01
3.415377045795103816e-01
3.418400095325166976e-01
3.260571877932439411e-01
3.581922416168409895e-01
3.369953002198106118e-01
3.443089460092664811e-01
3.319728682415819532e-01
3.461431198569923651e-01
3.360054041859310558e-01
3.440290707961187189e-01
3.499572506910074710e-01
3.458469036027266852e-01
3.555249371452340879e-01
3.392584177827578373e-01
3.469234062660372930e-01
3.294420571966760192e-01
3.366014392899470686e-01
3.347389180450898727e-01
3.291700603344912546e-01
3.017543699845423588e-01
3.011933327187001352e-01
3.395210804511749059e-01
3.298960444053279928e-01
3.459118147202897009e-01
3.157194221539386669e-01
3.582693566953158437e-01
3.349300415190095692e-01
1.932882802043649040e+00
6.831548942098399080e-04
4.768177403254623692e-01
