6.360991012632658537e-01
6.068656518629992336e-01
4.164010331816457300e-01
6.293468004978725050e-01
4.818474823108847005e-01
6.781697303909940411e-01
5.800216149143276878e-01
6.939597851644306870e-01
7.259592883264350816e-01
7.191263159104220870e-01
6.587167164293231680e-01
8.126794686781232402e-01
6.939379009851642799e-01
7.111035231404010393e-01
5.632603119013197546e-01
6.705942239592378451e-01
5.724006979890187141e-01
6.856195627249477287e-01
7.270730513909350323e-01
7.984164913781471862e-01
6.913598388637258729e-01
6.103445711619056580e-01
5.942818122579814899e-01
5.202617331298804437e-01
6.734403671114062018e-01
6.636263609025497834e-01
4.188298432034616714e-01
6.869957425085133629e-01
6.891616497042609701e-01
5.426701436879299845e-01
5.711246031792754918e-01
4.804543286779245914e-01
6.235409684435629929e-01
5.762160297944709519e-01
6.213533093361952586e-01
6.039741349359927236e-01
3.525682017982150751e-01
7.740429815796726620e-01
5.234396228804634177e-01
6.067362917986666160e-01
5.628953129009885981e-01
5.528462084995231507e-01
6.678925956962167287e-01
8.029610814212243541e-01
5.888886328394188352e-01
7.661633712615320002e-01
6.847942584848661918e-01
6.586720153188202476e-01
5.853901323387810107e-01
6.277724492464615835e-01
6.445002194783777671e-01
6.230426637238365428e-01
7.396992031032711967e-01
6.767935271369583949e-01
7.439231364040979066e-01
6.132105278349548882e-01
5.240747486800838573e-01
5.964891369098433982e-01
6.751450635560009017e-01
7.385546693483067138e-01
4.748881617754145967e-01
5.916532027824193962e-01
6.866815743534565586e-01
6.517913510619285367e-01
5.179526006364355561e-01
5.186267571549616484e-01
5.863685976988752824e-01
6.710877556288949997e-01
3.540706102248438736e-01
3.509736048989502977e-01
3.193253480625355412e-01
3.502143633555841462e-01
2.767875919364317094e-01
3.426140594482123269e-01
3.398529405915215462e-01
3.362971069361944121e-01
3.378895002859990115e-01
3.321801616082952768e-01
3.486425832294849925e-01
3.310741801865805800e-01
3.390630514190042244e-01
3.259785261258725253e-01
3.605909486578899315e-01
3.397658964801660297e-01
3.386897037765788654e-01
3.464448028170225014e-01
3.405365133466311534e-01
3.341483880989785660e-01
3.288968928439267025e-01
3.508385069097619269e-01
3.209836822614436369e-01
3.350774001372426314e-01
3.484470401237458326e-01
3.325735856417579850e-01
3.282394019482189340e-01
3.103432756008073223e-01
3.351638422660971339e-01
3.478567862382197506e-01
3.539390970058283181e-01
2.523366298254673956e-01
3.598252923887540478e-01
3.428126492566559436e-01
3.559936324586496781e-01
3.460773251330908074e-01
3.332770084836283453e-01
3.331543755515577465e-01
3.354731015385489235e-01
3.449791078269421885e-01
3.279956049160588916e-01
3.527966991690881238e-01
3.431577868904993056e-01
3.263500693801387187e-01
3.536197869515256831e-01
3.346182852458579604e-01
3.408438038167377337e-01
3.372180826152524902e-01
3.497549669843503239e-01
3.401055458150041289e-01
3.475000653175009391e-01
3.474748949647099017e-01
3.391525951849092002e-01
3.446334742968685250e-01
3.285945090250445011e-01
3.482157984796908634e-01
3.312250238337774433e-01
3.252576401004806939e-01
3.473872827011360020e-01
3.273693275255422086e-01
3.073718612131066119e-01
3.259174758926097204e-01
3.389023944253475862e-01
3.355224276156550389e-01
3.413595694365732514e-01
3.216670109104696196e-01
3.590574085086949419e-01
3.323505541442415279e-01
1.692412670799893881e+00
5.391167684047112451e-04
4.986395643042942361e-01
