5.741723192199927883e-01
5.725333556625090692e-01
5.451297670038591781e-01
5.761540353085597976e-01
5.238824007970569463e-01
6.746996809097934866e-01
6.900865481370636045e-01
7.304711579909047847e-01
6.138410285386514120e-01
6.376613928610990190e-01
6.792141749689606378e-01
6.879361633608637172e-01
5.453043294260215834e-01
7.049423604227228468e-01
6.331754104615283651e-01
5.623633296905403700e-01
5.727836982968783630e-01
5.974154270635793074e-01
5.377639627580617088e-01
7.493457783069379374e-01
6.234583134575477636e-01
5.640351109562823373e-01
5.616605043577637124e-01
5.893737215715544320e-01
5.627453362231571443e-01
5.773618792870721661e-01
5.347858038819282012e-01
6.357271399072853546e-01
6.404020124429082861e-01
6.722755004827637437e-01
5.874642343368359221e-01
6.289785659977973342e-01
5.661841951231625369e-01
5.875677257566395140e-01
6.444160870718683709e-01
6.098379369829904917e-01
5.435745458775818051e-01
6.058856499111342497e-01
4.720837338441428166e-01
7.078962936789917615e-01
6.997442303109104866e-01
6.257400848945201544e-01
5.798617199025124513e-01
6.175020160727701102e-01
7.017485267362332246e-01
7.307747616445486871e-01
5.877681868671603693e-01
6.993812048592910058e-01
6.096050881870395122e-01
5.539432041912069060e-01
5.841854311745100503e-01
4.863518246418809809e-01
5.710207573929885205e-01
8.155179805211841826e-01
6.028884441252078119e-01
5.685460965028851232e-01
5.717013259131138447e-01
5.969984993549647401e-01
5.608375272402916778e-01
5.608316393028693891e-01
5.436180616929783271e-01
5.999909942279832986e-01
6.123240074901680208e-01
6.309465849202693377e-01
5.894259924644630333e-01
4.718742437403510848e-01
5.772300748308862861e-01
6.224698369848306045e-01
3.573542994007461449e-01
3.636579819309904149e-01
3.363086298144064568e-01
3.470063887072096231e-01
2.996739185636692060e-01
3.424428646184525804e-01
3.268754039299790470e-01
3.347873269065638202e-01
3.489679232402950748e-01
3.401594423003035939e-01
3.449433595616415715e-01
3.467623866016558143e-01
3.588871281839143834e-01
3.315867425664753010e-01
3.506163358031491595e-01
3.594279423862892231e-01
3.506912564836578428e-01
3.511217060673678114e-01
3.639260448426389072e-01
3.394046715513849288e-01
3.355339369208427125e-01
3.599425595167166092e-01
3.319316372454805819e-01
3.358486616393729363e-01
3.656184725966321047e-01
3.444096185624224149e-01
3.122460800162341621e-01
3.222374501119065759e-01
3.406927482236226656e-01
3.355258770337709584e-01
3.742380143530004699e-01
3.450385482500445966e-01
3.605473387196618251e-01
3.482845852676234033e-01
3.522792634221681429e-01
3.560326040006667192e-01
3.352255899354550928e-01
3.482380099308604038e-01
2.828302200052980053e-01
3.421550593643554183e-01
3.240220325620049024e-01
3.474641265269022838e-01
3.478149365379512026e-01
3.449749577079506691e-01
3.395442349441504803e-01
3.405547614113514365e-01
3.583192905075552881e-01
3.350500059284248211e-01
3.481866743450279245e-01
3.529041964930368369e-01
3.593909350524398527e-01
2.907741077531931784e-01
3.626495033292879144e-01
3.330167659160154225e-01
3.388141383428538989e-01
3.595450772784399285e-01
3.342631672543210919e-01
3.326046790603849890e-01
3.722993037872530109e-01
3.418837358337801224e-01
3.133193762333054133e-01
3.237406221438956511e-01
3.479853756454385771e-01
3.411205622628862288e-01
3.596401090984746585e-01
2.688664332418961855e-01
3.591000486975026162e-01
3.399523592972995556e-01
1.452319799848506232e+00
9.136335747754029037e-04
4.402619532971875915e-01
