5.328324283889827040e-01
5.100962102753511251e-01
5.236541423855374244e-01
6.079602276732571919e-01
5.049622215234927936e-01
5.425459524739391082e-01
5.323372212753654242e-01
5.690267196486874512e-01
4.991138236786549776e-01
5.789366200199317358e-01
5.258208526036221020e-01
5.607428809047282359e-01
5.122265739089756353e-01
5.614701154699851537e-01
5.028080394570937361e-01
5.173591281006592046e-01
5.173508445513126386e-01
5.198793100823008162e-01
5.219573918585589389e-01
5.275254842391475796e-01
5.247259762037309594e-01
5.388794179916092109e-01
5.228773928043399799e-01
5.415566626665644367e-01
5.052090401018213273e-01
5.427553416240459283e-01
5.162209384693079439e-01
5.353116439249109293e-01
5.619740259234405899e-01
5.554341119734224064e-01
5.001878442566987104e-01
5.031866842335798173e-01
5.318437930964812210e-01
5.450659745817471036e-01
5.285793730906553911e-01
4.992697178150596882e-01
5.168720561810892233e-01
6.199777191349111760e-01
4.945302446132889829e-01
5.707946074058696251e-01
5.241957183718598534e-01
5.672213465148779887e-01
5.552135101713172594e-01
5.829440757077326563e-01
5.459418653775570673e-01
5.807003063621136718e-01
5.136438392009338161e-01
5.823062125981244286e-01
5.052911266777774246e-01
5.299538169106033925e-01
5.314763443009982158e-01
5.241207878434887002e-01
5.208388080780452789e-01
5.531249880850148681e-01
5.217311059644134108e-01
5.324157165730203367e-01
5.218669407045226638e-01
5.259654259349728633e-01
5.042081211596098900e-01
5.337015510685155784e-01
5.152529908010761162e-01
5.370326148597676097e-01
5.779292653857842632e-01
5.470873557421919164e-01
4.953198870746549631e-01
5.037034448886069660e-01
5.000795864781996114e-01
6.151673464901944444e-01
3.466183725474170085e-01
3.437652008911142310e-01
3.227554880811346893e-01
3.622635875918689963e-01
2.988076635208505305e-01
3.312889034508596509e-01
3.334551245341155767e-01
3.324059335153142225e-01
3.417592983757610225e-01
3.326309188882244916e-01
3.525897803855391754e-01
3.312643216877566577e-01
3.441384591862238773e-01
3.389301259373709851e-01
3.382704733265926023e-01
3.527219252116683412e-01
3.497434651635721869e-01
3.403384900757296383e-01
3.549940007248204021e-01
3.417974971707959386e-01
3.423555561869842112e-01
3.573151691736465851e-01
3.393906918373995052e-01
3.402042667403610277e-01
3.348297815130179544e-01
3.527540903906563607e-01
3.142444366196726624e-01
3.270743601937254330e-01
3.409470511987412467e-01
3.469770504826417690e-01
3.445867232674020286e-01
3.110435611859703742e-01
3.472092996958061062e-01
3.667131623939346996e-01
3.535922036404024471e-01
3.470077237551638660e-01
3.414639654179160710e-01
3.421104079458727187e-01
3.213989920891482388e-01
3.419271679841701661e-01
3.365545333580058363e-01
3.477012752360474357e-01
3.519420443036358481e-01
3.408461788613849630e-01
3.395007953992054128e-01
3.344743289984041801e-01
3.451933604610927242e-01
3.356114441442504259e-01
3.431690283274004272e-01
3.480517228358920856e-01
3.597688804263324824e-01
3.443079658453840342e-01
3.450494036553550803e-01
3.230772995270272951e-01
3.336463897512454424e-01
3.577414954871676045e-01
3.380806004491877514e-01
3.257536016257047695e-01
3.353744996379791066e-01
3.422950595466268675e-01
3.170885764597708989e-01
3.309448597905688683e-01
3.260687112134059151e-01
3.419392795025275045e-01
2.962770483352766826e-01
3.078613876047127107e-01
3.375913098904426146e-01
3.198191387272461550e-01
1.667268518561005664e+00
1.038784901806943202e-03
3.468280112360994094e-01
