5.213527329874974026e-01
5.072729127902050328e-01
5.222473838890338005e-01
5.063148538812987098e-01
4.989971871834542605e-01
5.215451788308365089e-01
5.206302267224732772e-01
5.144567778488730037e-01
5.141403198174985256e-01
5.193084915693988446e-01
5.094590204481345141e-01
5.093940960831013776e-01
5.102691995204938769e-01
5.322257655135979038e-01
4.962150143086677678e-01
5.255525702604051386e-01
5.138376568513913778e-01
5.049295490342996517e-01
5.122126067195050814e-01
5.165701369331433535e-01
5.502908025805706149e-01
5.131285419538884618e-01
5.672261175851309734e-01
5.484071224687954160e-01
4.975299267716065121e-01
5.321586714283040864e-01
5.137963025613938584e-01
5.850764914188455457e-01
5.227166278881806294e-01
5.303598366041142320e-01
4.978596618032689602e-01
5.031655238160637200e-01
5.038775447696154375e-01
5.127446926892632595e-01
4.999497126330632590e-01
5.107805716380119376e-01
5.090112788009190092e-01
5.041569122222289145e-01
5.046561382491445702e-01
5.075848480594812306e-01
5.232400119380192782e-01
5.362851562304274955e-01
5.225544404243480656e-01
5.047480957702521476e-01
5.141665459284544548e-01
5.063089255690460533e-01
5.118062053357130825e-01
5.171634199902614970e-01
5.025827446807248355e-01
5.339825009661552935e-01
5.157312043101071053e-01
5.052362382269276475e-01
5.287566594601141867e-01
5.173809775494702112e-01
5.300944148204018713e-01
5.188214661915644399e-01
5.613814468405363689e-01
5.394645333130680953e-01
5.020449673170581661e-01
5.256840866675274171e-01
5.316419063631740993e-01
5.543868830857950902e-01
5.188507484847345586e-01
5.280953025339086837e-01
4.983154443250786270e-01
4.995563147577623542e-01
5.057181730223627714e-01
5.038837079301812238e-01
3.571591621531758354e-01
3.419227333934374280e-01
3.349348089786095550e-01
3.573580152893083284e-01
3.075208436584626615e-01
3.526432179471695738e-01
3.361564042079259185e-01
3.438267391048743793e-01
3.469890780238483741e-01
3.581017713775628275e-01
3.314058249800538314e-01
3.552069627817193709e-01
3.444739103413795300e-01
3.468301578591686529e-01
3.063571916284760777e-01
3.652192286807618982e-01
3.562602320348943752e-01
3.167098773738450390e-01
3.533008170457378472e-01
3.598237441165875183e-01
3.404800411149181971e-01
3.496675273460693179e-01
3.362705464089597585e-01
3.428145662346480105e-01
3.122498597225652484e-01
3.521759346890112052e-01
3.140866929167535626e-01
3.339495183596468686e-01
3.569337713252674349e-01
3.512113004404023853e-01
3.052995459302107473e-01
3.047333963267871981e-01
3.258186724241734500e-01
3.655641749847681754e-01
3.401247860333765916e-01
3.386858393708047643e-01
3.408359165740714181e-01
3.555248009230533857e-01
3.069684520628953028e-01
3.319587665388876174e-01
3.357829576229514057e-01
3.505572819214451408e-01
3.536198885479130416e-01
3.592691119157670476e-01
3.360550782070481080e-01
3.487744743128511904e-01
3.409454241370601379e-01
3.343960454228235291e-01
3.259187584107267610e-01
3.571686722849299889e-01
3.567693644007380316e-01
3.293091172437681569e-01
3.687296124614286574e-01
3.602749951127032779e-01
3.444077368448726362e-01
3.566017342981501193e-01
3.369125326753756866e-01
3.409747312111601758e-01
3.157809596275497621e-01
3.523399562877606028e-01
3.154254860024954810e-01
3.386778644023925589e-01
3.555080420710709510e-01
3.550205823050575082e-01
3.118898190065745868e-01
3.146570400637200837e-01
3.233784940201655522e-01
3.514666045243713399e-01
1.456848219332389505e+00
1.002698395472461854e-03
4.074377438193583778e-01
