5.105089474504101998e-01
5.143691750113210670e-01
5.226196515191756653e-01
5.183055216257627107e-01
4.987352271523045055e-01
5.127124436473176061e-01
5.251527137695695124e-01
5.217985098649861042e-01
5.157651140004333445e-01
5.136701239333616442e-01
5.146764328151247625e-01
5.028501148393124121e-01
5.205544398818012786e-01
5.333807731086859238e-01
4.979265642431371930e-01
5.174682434464371594e-01
5.251720725549029467e-01
5.164347797953188213e-01
5.146774901903061750e-01
5.218919383095221853e-01
5.346331964038479878e-01
5.118218257914979308e-01
5.626784803402717916e-01
5.423120051256496987e-01
5.122089203900066501e-01
5.524381103138993332e-01
5.361183347703090130e-01
5.338196341041069326e-01
5.187816365381983097e-01
5.314405961938658551e-01
5.131084503643608130e-01
5.024620957980378000e-01
5.072701761095907980e-01
5.148337751496001591e-01
5.136982007411423634e-01
5.369572795485594296e-01
5.292274895974268256e-01
5.076766648011781236e-01
5.065619196526530699e-01
5.262296950742499924e-01
5.663574162394705569e-01
5.286729664832040543e-01
5.158300185400771509e-01
5.108504506380436849e-01
5.129271343057627552e-01
5.070019720689551423e-01
5.133857340680806347e-01
5.381661669357112876e-01
5.091909315947512615e-01
5.514252505171391983e-01
5.329066027086413193e-01
5.153459181346319307e-01
5.138222199018195324e-01
5.096201330716947364e-01
5.381529750715601246e-01
5.179956078623497717e-01
5.868119049253395225e-01
5.345817706053996865e-01
5.080771537670759619e-01
5.545098538620902850e-01
5.286225636767158953e-01
5.364817728591815271e-01
5.165901183405431363e-01
5.416491134742917879e-01
4.986625170009499897e-01
5.009528191886142290e-01
5.051231426441138428e-01
5.239907136947643540e-01
3.372243077594671568e-01
3.490286517382991116e-01
3.309587758391728252e-01
3.541118119849709367e-01
3.011997923781943309e-01
3.218349301619211067e-01
3.342366038502024850e-01
3.503135088826815347e-01
3.532046028036860963e-01
3.534908964847394697e-01
3.379145994747230763e-01
3.256539922769985385e-01
3.499603128884287706e-01
3.453109158768614129e-01
3.136924611949542530e-01
3.493812882138437881e-01
3.467791342701210255e-01
3.495796303725074439e-01
3.523506353415772896e-01
3.603853487731726313e-01
3.416629713551087577e-01
3.377367143777224578e-01
3.328046474097535179e-01
3.426400912170347590e-01
3.448797467574265529e-01
3.497123442607121824e-01
3.140282551341624928e-01
3.377673138210976478e-01
3.532170293339095268e-01
3.476550496819125757e-01
3.492592460669040055e-01
3.075937335312123877e-01
3.399427809787690102e-01
3.571332589693612669e-01
3.491419693537416435e-01
3.585935734579916434e-01
3.372584908432419426e-01
3.482356155448033119e-01
3.110705022870385861e-01
3.496089211190173685e-01
3.346707849619920405e-01
3.478129357580515557e-01
3.509981613659955979e-01
3.477718655173010487e-01
3.334839062365836937e-01
3.458679989136025923e-01
3.399774055214365709e-01
3.432166810086151876e-01
3.352508397078848845e-01
3.537802215643092163e-01
3.646654149728213445e-01
3.616444716520432201e-01
3.270851348922771962e-01
3.498848465442435107e-01
3.422983639561109070e-01
3.559129181410271570e-01
3.380402725001181996e-01
3.421478190439541378e-01
3.296575988554176218e-01
3.530418436153308082e-01
3.139161306879656999e-01
3.341080767971177923e-01
3.614474469811444490e-01
3.483095936276444093e-01
3.017151615269911269e-01
3.035373655269934523e-01
3.255521338600640413e-01
3.572560449895515466e-01
1.487549249051862921e+00
1.008785550825203915e-03
3.283412580979687689e-01
