5.492040499578515478e-01
6.063420939316701563e-01
5.092828626006988824e-01
5.777744678952724255e-01
5.085905603993126078e-01
6.262338799377649146e-01
5.547960449470175082e-01
6.480974509028756270e-01
5.857492861803864637e-01
6.483257904266762628e-01
5.775629274630840193e-01
5.127197534140968127e-01
5.482863282277085082e-01
6.358567269288628587e-01
5.398215587277684913e-01
4.892801151411194649e-01
4.999551073243291288e-01
5.624127481616821855e-01
6.349940655172189308e-01
5.999182985776719823e-01
6.509704587113955832e-01
5.939831303572786769e-01
6.051822302171480095e-01
6.509703718306640852e-01
5.858370298964796774e-01
5.008960185390398667e-01
5.174813104432071098e-01
5.964720979231418196e-01
6.330911234147931221e-01
6.028049711583515213e-01
4.999779618588505170e-01
4.995401532120550270e-01
5.413253698328881480e-01
5.744651363937085531e-01
5.040530674083345541e-01
6.109305096998818296e-01
5.091929513685152786e-01
5.596435604667074903e-01
5.026355800355623016e-01
5.262214666797047080e-01
7.041604885912651213e-01
5.759628904441952413e-01
5.716347725361424770e-01
6.169742545097672837e-01
6.298155600237368423e-01
5.440933194840399389e-01
6.008951326442720786e-01
6.441132241495407529e-01
5.446745877504274302e-01
5.047038009311293205e-01
4.945482590637469977e-01
5.554895586922290462e-01
5.460291035481634747e-01
5.285064197508871908e-01
5.473261953848934658e-01
5.815044398744236842e-01
5.520872292243562685e-01
6.473433453953828520e-01
5.787946168933992830e-01
4.736777742047091899e-01
5.360393030437757833e-01
6.090699742193295130e-01
5.850418150482514790e-01
6.617075089077860683e-01
5.477473359002034137e-01
4.877378228568577945e-01
5.343225600413936682e-01
6.839879703991514903e-01
3.516405740288218174e-01
3.504137617488335410e-01
3.435162281855427824e-01
3.480978052301269554e-01
3.363854576977814981e-01
3.604954154783300280e-01
3.338606778239895378e-01
3.430842949656605634e-01
3.640547805698351458e-01
3.372688767276053601e-01
3.668573351072585420e-01
3.689631916702347803e-01
3.459916683934822212e-01
3.372272539886140286e-01
3.823040007512945038e-01
3.492156929193923065e-01
3.508525664377732944e-01
3.819011084588024851e-01
3.566043596968192508e-01
3.899930167351602917e-01
3.337738926497013092e-01
3.551599689957197215e-01
3.281614040693209833e-01
3.279848907886712128e-01
3.603248713430386996e-01
3.486606362193316877e-01
3.150242210167734647e-01
3.236327433180023472e-01
3.427106619755793671e-01
3.417780111634194928e-01
3.303884872456726574e-01
3.042745682553806286e-01
3.604237809190780073e-01
3.481640836215284529e-01
3.814245364391347648e-01
3.476965623155392482e-01
3.408784958372416685e-01
3.536639261597430139e-01
3.465588485748469783e-01
3.713839581134759649e-01
3.205141965530798887e-01
3.657415902717929268e-01
3.580766573394451591e-01
3.531334300314239449e-01
3.617255156569159635e-01
3.593867380102355180e-01
3.466785578873434748e-01
3.547468792329236398e-01
3.705040496980249176e-01
3.490980128616837930e-01
3.570932493148921139e-01
3.721780178697403074e-01
3.604512035380567636e-01
3.781823062041799743e-01
3.449562757819228387e-01
3.548493748354048516e-01
3.382548638165616683e-01
3.267529114293322712e-01
3.566340187171663234e-01
3.523080183232158435e-01
3.151998508977058577e-01
3.204927817435591075e-01
3.479686259759681710e-01
3.391523087361225097e-01
3.445105478627919493e-01
2.931057212274869594e-01
3.750571883412520124e-01
3.353763927931483479e-01
1.512906381665301447e+00
9.110340996864562660e-04
4.359359801006919555e-01
