5.786286260902715473e-01
6.640339131992101240e-01
6.197609629923397367e-01
5.918159920386143469e-01
5.091372441246385661e-01
5.289158070218735741e-01
6.317929985260495318e-01
6.605394541383272644e-01
5.371650960426924692e-01
6.448973739320557064e-01
5.388646005802677497e-01
5.844146340734251988e-01
6.128888209906133699e-01
6.689497085591085135e-01
6.197672426236041643e-01
6.093203133978661867e-01
6.073272230139967753e-01
5.294125707166842387e-01
5.919898628020617837e-01
6.301805266805573513e-01
5.729849132616688934e-01
5.789869626009064296e-01
5.847926824717142313e-01
6.085167153826654962e-01
6.420782566645873990e-01
6.250849152064663627e-01
5.782273582198415030e-01
5.963855075099370184e-01
5.626994412390883271e-01
6.667936808359051781e-01
5.739316202422354296e-01
5.221546697006084203e-01
6.024267580522889576e-01
6.528904142389406751e-01
6.028306649916566062e-01
5.792611452053566534e-01
5.951693482770198385e-01
5.475829164591479170e-01
5.238112974876980577e-01
5.818071319917539341e-01
6.637627277440920626e-01
6.133027896865357320e-01
5.488783751040949843e-01
5.691835033441415836e-01
5.830922891567071886e-01
6.068079235097827429e-01
5.839033918809437562e-01
6.671430912992327711e-01
5.455791465991151057e-01
6.288876833496632734e-01
6.035995996514383899e-01
4.939990830170810643e-01
6.126699894642722022e-01
6.060408984716739722e-01
6.134839825196741758e-01
5.791159839149890853e-01
5.889682318579132492e-01
6.402581458391558566e-01
5.555703280518348164e-01
6.048040658908241385e-01
5.629210382347032970e-01
6.313673835610668084e-01
5.555176687913436773e-01
5.997179674014749828e-01
5.706351990735090141e-01
5.089402285279268634e-01
5.712741808816889089e-01
6.268653618795499982e-01
3.563861488920817000e-01
3.506743075318283220e-01
3.609960471871256349e-01
3.467677338005362153e-01
3.071396186790850136e-01
3.599477371258780756e-01
3.255751141398807724e-01
3.407189075308977855e-01
3.607746775659203542e-01
3.395503787548679875e-01
3.665506109111200672e-01
3.522125727111591331e-01
3.475961917637213072e-01
3.340639023060096857e-01
3.475724608675995198e-01
3.507782881946864273e-01
3.353445192591867907e-01
3.680551444886064894e-01
3.711135887608963957e-01
3.528903718983831261e-01
3.388214970809596549e-01
3.659960691477440742e-01
3.236159972030103193e-01
3.333256292555197287e-01
3.592391812230585346e-01
3.335678947249162696e-01
3.145186967102120978e-01
3.249835049801896303e-01
3.502293311075738158e-01
3.351480148694607752e-01
3.637762623248170235e-01
3.499101637126826869e-01
3.526353850915980859e-01
3.465676714135486614e-01
3.556941007281913536e-01
3.693673163671433168e-01
3.371748614664560884e-01
3.530235294929918166e-01
3.213678754474882382e-01
3.520958123847719445e-01
3.226403969784065184e-01
3.533926782648203480e-01
3.585653052796718421e-01
3.522204993907301906e-01
3.548950088961318472e-01
3.530669436819359186e-01
3.590365996714444119e-01
3.351424229403521249e-01
3.459333713159567503e-01
3.462639019432270371e-01
3.622455845555418441e-01
2.803111558043188123e-01
3.568800133499909766e-01
3.518284501072514447e-01
3.385787927493590366e-01
3.613200252028335169e-01
3.298187830793975484e-01
3.225927875377757048e-01
3.683436928004716893e-01
3.377798470546885534e-01
2.961208588369581562e-01
3.199175547103754735e-01
3.494719244797939717e-01
3.446958288825719974e-01
3.573284655869946591e-01
2.782127981833034114e-01
3.565473787575152986e-01
3.408604961147611578e-01
1.539501952344342284e+00
1.051460090435252324e-03
3.918061863932910671e-01
