6.901446415884837648e-01
5.367988855673738735e-01
4.224807332562469653e-01
6.325994510129496762e-01
5.055642511860045651e-01
5.696494437196107929e-01
3.793635131710944020e-01
4.823209864554559578e-01
8.432251708770954757e-01
8.629221236112504245e-01
6.230562493792114465e-01
6.293418983782526066e-01
5.040638791949979547e-01
5.580526553459322914e-01
5.349032693180147957e-01
6.879821861027708430e-01
7.022697426868197423e-01
6.809880740689546741e-01
6.830329590282649965e-01
6.847599462678737314e-01
7.494311686126046146e-01
6.275508953860666761e-01
5.547951707662110987e-01
6.845665798478662856e-01
5.619038950316119774e-01
7.888319516797034359e-01
5.318024004456417542e-01
5.358762393058522644e-01
6.496961942193129058e-01
5.138263717396411856e-01
5.345068835753348235e-01
5.981296346796772800e-01
5.147633946938510174e-01
5.959189186591760112e-01
7.183558808367782600e-01
6.868457788305387668e-01
5.036435735229259913e-01
6.788265206583360412e-01
4.913398221578519909e-01
7.808322944883332450e-01
5.456789174070940662e-01
6.747892346028318000e-01
5.212079755003167225e-01
6.765358391491630430e-01
5.923469553725203562e-01
7.081662393075560669e-01
6.067488014487771864e-01
6.480487019016611949e-01
7.324572292588478195e-01
6.269639086957264906e-01
6.732321989113851934e-01
5.337350551762090056e-01
6.406635783138598939e-01
7.829543663898536066e-01
5.221151952801936780e-01
1.348265450871888760e+00
7.661430564147058142e-01
5.665527370113881966e-01
6.980364756263770509e-01
8.424870045430852272e-01
6.696363527515020175e-01
5.213522230485825304e-01
5.364992170605978883e-01
5.345281547196087946e-01
4.851319637542478858e-01
4.950816176993897977e-01
5.187750798352049886e-01
4.321691101293881343e-01
3.446737303420411846e-01
3.751004263583748721e-01
3.565507374398966811e-01
3.459665586458143816e-01
2.904534836512850937e-01
3.591410440449718244e-01
3.562051065923643733e-01
3.602121618247658974e-01
3.269852505859611180e-01
3.175881195736020568e-01
3.506897396707974179e-01
3.495866789317619849e-01
3.798100287511554929e-01
3.400747018715358228e-01
3.696917770891870458e-01
3.377346496997375436e-01
3.284758618491981363e-01
3.481647176094833651e-01
3.467277194625995596e-01
3.461464286267569856e-01
3.252988913400766124e-01
3.535343817957149470e-01
3.111111562643301132e-01
3.221719251291431663e-01
3.568685543696443196e-01
3.199071405812607960e-01
2.847239291903174707e-01
3.310941680745553839e-01
3.329367215354720466e-01
3.619449114677974477e-01
3.677393697847770593e-01
4.984472539139028768e-01
3.352797261765954051e-01
3.249303995133683842e-01
3.428739606132366613e-01
3.424133314567058273e-01
3.273459044928296313e-01
3.416314876198152106e-01
3.143955321151000182e-01
3.316116756259463449e-01
3.306854061344725593e-01
3.416518650102415844e-01
3.570578697336205809e-01
3.367082169722608320e-01
3.565090751553021131e-01
3.390836272223902714e-01
3.482644929334716144e-01
3.385022249516132509e-01
3.404491833449165838e-01
3.353926263127053331e-01
3.448490741645923174e-01
3.701854728159981733e-01
3.597232233988343908e-01
3.343108163530537080e-01
3.359458258176545309e-01
2.963809634886690469e-01
3.087151388221069936e-01
3.341108371402790600e-01
3.443776220795680132e-01
3.120049062316411770e-01
3.895541270212833918e-01
3.256220098856624778e-01
3.420309400539039424e-01
3.559101325807924598e-01
2.614385288138981189e-01
3.533203354276559516e-01
3.274752282736274611e-01
3.914535859444945309e-01
1.664369768861628573e+00
9.578706550468190761e-04
4.948860541228747856e-01
