6.870912465393536062e-01
5.191071667121130995e-01
5.170502019334309862e-01
6.144938090105045436e-01
5.512106325399127593e-01
5.199141991833374776e-01
5.523657676845887821e-01
5.653864929602920864e-01
5.299891970987111733e-01
5.813549030808556894e-01
6.456069918887731296e-01
4.879000983631285315e-01
6.211068313372970495e-01
7.133168250318538961e-01
5.915825965875032288e-01
5.254644095312768215e-01
7.494041762799955597e-01
6.024239460878790808e-01
5.889514301543750108e-01
5.166138109203828321e-01
7.352734076295521781e-01
4.816427767785396163e-01
6.153590438002229934e-01
7.194143769890896101e-01
5.821874114643666998e-01
6.220017026436565066e-01
5.414888672591838814e-01
6.232300246287382217e-01
4.988647711804934937e-01
4.032973645261566653e-01
6.045234148342959468e-01
6.887913859585251819e-01
5.513121013614762367e-01
6.776666002058643334e-01
6.064854705224747011e-01
4.118201622300941001e-01
5.336273792058439103e-01
5.578907484235373637e-01
5.551868911270371187e-01
4.491087144937099818e-01
6.035452201607965916e-01
4.394949515906004800e-01
5.698758788558491162e-01
7.323268904197413054e-01
4.408681916640663223e-01
4.836232013239082916e-01
6.239458509272315379e-01
5.151570356600729816e-01
5.189788125149842335e-01
5.340789392575729932e-01
7.040339239909386704e-01
5.169949333121848234e-01
6.061478487142333282e-01
5.752934752793158468e-01
6.813113547232242384e-01
5.656603532423589709e-01
5.474107531629408552e-01
6.463473008782207874e-01
5.106312210640187033e-01
7.953310458926696747e-01
5.166355727989727642e-01
5.342937465987340762e-01
6.993298692472308398e-01
4.947667255358361160e-01
5.252376534317260148e-01
6.175728417880550492e-01
5.254652081962861709e-01
5.597234126025127932e-01
3.435857665878391809e-01
3.628397977348301606e-01
3.592694764153956943e-01
3.451240634096216509e-01
3.531053743370775044e-01
3.570982086038298475e-01
3.411367855627299162e-01
3.463844899854217618e-01
3.477938932411390738e-01
3.405736251309663398e-01
3.456375652968592393e-01
3.645656301194359905e-01
3.439596446832954846e-01
3.216020277408447314e-01
3.573233834584518820e-01
3.649835460285825173e-01
3.236306947314815385e-01
3.536063334127350632e-01
3.553033529299303162e-01
3.670299103971010335e-01
3.243664463101058049e-01
3.617495060281961661e-01
2.892213810042941757e-01
3.205936583451717836e-01
3.559792064561623226e-01
3.323158310891496936e-01
3.328237714719292639e-01
2.919969358537985449e-01
3.498501337019546131e-01
4.030552089484915612e-01
3.457635533142171536e-01
3.387357986518483854e-01
3.647464771853222709e-01
3.309355790423964550e-01
3.564391018489455609e-01
3.921672518428117038e-01
3.841575919478870116e-01
3.493336233757518561e-01
3.369535197429422424e-01
3.658004464284537183e-01
3.106802197737524307e-01
3.705590788965723581e-01
3.611269817871814447e-01
3.293383303717312693e-01
3.706526628952348523e-01
3.643261614520800218e-01
3.439544773201788641e-01
3.531620991327287240e-01
3.662200715917577343e-01
3.409617857808585062e-01
3.377036576770234833e-01
3.759554879016634987e-01
3.536028133235108450e-01
3.562895667794406251e-01
3.364409209568249293e-01
3.415815110926449516e-01
3.104031006538648940e-01
3.213564828745056334e-01
3.650478004753248684e-01
3.154441896791299604e-01
2.426274273246272206e-01
3.127356913244697112e-01
3.336195500685173454e-01
3.584405699837476256e-01
3.430976561512263934e-01
3.371217118682957592e-01
3.685751454162244367e-01
3.460806157482844703e-01
2.044622144478430048e+00
7.685047374220078291e-04
3.537611366133148194e-01
