6.343840063761140291e-01
6.147943290720403464e-01
4.312702975689977625e-01
6.290630831700576575e-01
4.869467216845583812e-01
6.791443198078568333e-01
5.801616388686544612e-01
6.940399368994697449e-01
7.273497569363635007e-01
7.209626373899210572e-01
6.609294431758735433e-01
8.189593329753450668e-01
7.005612870350468313e-01
7.111967808535895053e-01
5.605656719760043760e-01
6.708432863953364134e-01
5.697795676689763056e-01
6.869712633666708035e-01
7.298536205434312807e-01
8.049672909881195881e-01
6.908037201038660369e-01
6.151871647515110286e-01
5.919001391612987995e-01
5.214626768193595385e-01
6.797446483913054394e-01
6.670691381500840622e-01
4.183681290255751861e-01
6.876017835102590237e-01
6.900166122928299561e-01
5.422691300473246878e-01
5.837506475770453118e-01
5.129917443389545584e-01
6.218905276528714499e-01
5.760708651063860541e-01
6.260991820340299219e-01
6.079083252724588604e-01
3.588794917597845635e-01
7.767775114203591125e-01
4.953925182724605580e-01
6.092073443389532938e-01
5.648035203436094775e-01
5.517957764972888368e-01
6.678985702356834420e-01
8.051900681120343073e-01
5.903893529199699675e-01
7.709928578238468555e-01
6.913009678750541287e-01
6.615535245577544021e-01
5.793516108206947512e-01
6.262705593839817952e-01
6.445708955292919207e-01
6.209283460372450048e-01
7.425858409214841638e-01
6.808883024339790202e-01
7.436417113434289350e-01
6.149372471693475006e-01
5.228029892888012009e-01
5.978867205798814588e-01
6.803213442661040222e-01
7.396269892173525928e-01
4.740695645384547796e-01
5.919471856288258671e-01
6.896227248009648703e-01
6.531978329531319405e-01
5.366120126853872740e-01
4.746063977933513978e-01
5.948526650280365757e-01
6.733539721451210491e-01
3.537687391073066068e-01
3.510368893665893331e-01
3.194043407964172188e-01
3.498457983107047808e-01
2.615282751398997907e-01
3.423089892612086182e-01
3.398213146919351613e-01
3.361784009306200693e-01
3.376250467690889989e-01
3.320077492019583021e-01
3.483466488701451591e-01
3.304230121681100418e-01
3.389251362693524450e-01
3.259181780785491145e-01
3.597121312646472391e-01
3.397860655983949707e-01
3.384956752115696466e-01
3.457884461610632454e-01
3.404482468607113455e-01
3.335779701375151118e-01
3.288531305438363028e-01
3.509473669463132883e-01
3.208521334109052381e-01
3.350597369444738849e-01
3.480443446017427722e-01
3.326995725253691361e-01
3.281732860566893284e-01
3.103647258805148357e-01
3.350474599907585782e-01
3.478122417996958871e-01
3.545308790142161492e-01
2.461738876557766631e-01
3.593044858826918153e-01
3.426685702984199611e-01
3.557063960788613421e-01
3.461997397069684901e-01
3.332903095689694895e-01
3.329043930709692511e-01
3.314282888236266822e-01
3.447311156120680953e-01
3.279628850209858615e-01
3.523313146574317267e-01
3.429257926217817443e-01
3.262154772762096977e-01
3.535171530189952782e-01
3.341589372646818212e-01
3.408264427175054512e-01
3.369295594407954453e-01
3.486363599201632302e-01
3.400135056498094777e-01
3.474478011354938944e-01
3.469248731920587803e-01
3.391073588840800568e-01
3.441752695308852861e-01
3.285287574585566972e-01
3.482625168009880756e-01
3.311240264467471550e-01
3.252562112271047967e-01
3.472676350368360532e-01
3.273817889596516428e-01
3.073028051773346037e-01
3.258169243493151956e-01
3.385332200963379612e-01
3.354756441055783966e-01
3.420325626349999815e-01
3.183082085141845652e-01
3.594211187391403439e-01
3.322813078909106488e-01
1.692570044377873950e+00
5.341263255491035186e-04
4.853822034915388772e-01
