6.037687891581443589e-01
5.578793370068094726e-01
5.161809613291497012e-01
6.740396784536653030e-01
5.019244746773613430e-01
6.972863326790179617e-01
5.566680125744462027e-01
5.921868640472537360e-01
5.478836424850095366e-01
5.895848123130167373e-01
5.586545665918433157e-01
5.355881050753231731e-01
5.268972765113012491e-01
6.267856436395362607e-01
5.669420010821688560e-01
5.401022553452948793e-01
5.308793321799591958e-01
6.067989494637024972e-01
5.751062234037405130e-01
5.658695215300362236e-01
5.246327432509819699e-01
5.323582669658768474e-01
5.855998082183778708e-01
5.187728853146784669e-01
5.609322809914619734e-01
5.392193996963606795e-01
5.355353625713702437e-01
5.103104375324387654e-01
5.551275236706869620e-01
5.201284214561620045e-01
4.922542125677519809e-01
5.531905522562905464e-01
5.433176118307171398e-01
5.000026642814670019e-01
5.574319575522811432e-01
5.228225713381976503e-01
5.315087221784625671e-01
6.182386458935943407e-01
5.022706521414104230e-01
6.034531033417697143e-01
5.564127665636509068e-01
6.168804343468005102e-01
5.822832800600236114e-01
6.447146421475477007e-01
6.270884888023249282e-01
5.317187824840343691e-01
5.292684626808263904e-01
7.100066555699795501e-01
5.343658484527024077e-01
5.768846502755765604e-01
5.122951279615844955e-01
5.843481862700542484e-01
5.603346554019724701e-01
6.462343325334442001e-01
5.394025657202897728e-01
5.064197697543196819e-01
5.517011307384369623e-01
5.628528132200769640e-01
5.440101447721855665e-01
5.322588649643388292e-01
5.641998233941959429e-01
5.125927765939013447e-01
6.026516012863708527e-01
5.499071982545060688e-01
5.084433004609398843e-01
5.723544121602018864e-01
5.183802878648875456e-01
5.365674894321035282e-01
3.507299767059134932e-01
3.512024809338412656e-01
3.344376838120818873e-01
3.405546626956503786e-01
3.008573724873770949e-01
3.387555660041760008e-01
3.364161407743979648e-01
3.462011504545851048e-01
3.479484096049141884e-01
3.434988199134666464e-01
3.552298062051243432e-01
3.565878991297949940e-01
3.409826688316399679e-01
3.378788456319765654e-01
3.508664401693182278e-01
3.595671623764764013e-01
3.610208726945413060e-01
3.478516511086788277e-01
3.482599637377560842e-01
3.477087742913092527e-01
3.436620554270517491e-01
3.532417889585776072e-01
3.347422642020176919e-01
3.481019450644276536e-01
3.370818469043225796e-01
3.548530299540973432e-01
3.091421148861352441e-01
3.346645619755128087e-01
3.485632821393279124e-01
3.480586765015375450e-01
2.929190008889757113e-01
3.453728164424479941e-01
3.516960582671505575e-01
3.658554479731143672e-01
3.524305883022783026e-01
3.420986035190535235e-01
3.350083321863633334e-01
3.444686687054086538e-01
3.097082103681778609e-01
3.446502701295591775e-01
3.336497619527960534e-01
3.429750224752831089e-01
3.418375519360600800e-01
3.394405175492705706e-01
3.456356944703766199e-01
3.558028947161243627e-01
3.405150324374772164e-01
3.325560115443302878e-01
3.505088494751201766e-01
3.480123577834325910e-01
3.606003719838742350e-01
3.343924353003542294e-01
3.559381408073649111e-01
3.443294553784426726e-01
3.431120318504271016e-01
3.629973292030094223e-01
3.340631799050604589e-01
3.437210014828201987e-01
3.480066171496282723e-01
3.466084365054831751e-01
3.164047216553184660e-01
3.386090122868645746e-01
3.467211715702867014e-01
3.471581509737436400e-01
3.317739456730292025e-01
3.434685469770369370e-01
3.554538708872119201e-01
3.472442776475127002e-01
1.482011582995079735e+00
8.921665825479947699e-04
4.209045363877703672e-01
