6.103901338084042338e-01
5.573684117791639636e-01
5.022975256190637117e-01
7.351623408487776290e-01
4.937265850250424637e-01
6.173011064351408006e-01
4.926130968911255348e-01
6.949893374310630589e-01
6.286204249374595099e-01
5.988453559706282681e-01
6.104342663032102934e-01
6.299965688573377909e-01
5.121320440801947482e-01
5.890010149409387052e-01
6.300944941544143196e-01
5.012116760237980140e-01
5.078425396898996746e-01
6.134340976367123055e-01
7.123316744389547317e-01
7.041169074124576932e-01
4.751577708216345175e-01
4.941300128258823698e-01
5.155254994004860869e-01
4.863384592641839532e-01
5.956722842628872083e-01
5.123706615856293833e-01
5.372114221488327734e-01
4.745186952899383415e-01
5.370543679964308037e-01
5.081722627018568916e-01
4.691204927374759137e-01
6.292493525790895381e-01
6.495393991776341469e-01
4.974307452693025322e-01
7.078739083402876275e-01
4.962665769047920894e-01
5.252242389324279781e-01
7.120971042440434884e-01
4.887383912153160370e-01
6.510760494775469365e-01
5.110933680823482872e-01
6.949345834404914157e-01
5.516532418963275841e-01
6.768508059197252402e-01
6.315840405299186777e-01
6.265521746965149186e-01
4.626972727960751985e-01
6.218450189338590173e-01
6.527680423206128069e-01
4.874419998611791982e-01
4.882610719128815946e-01
6.292117033701533080e-01
5.815493515741614328e-01
6.628324874851461157e-01
5.039731601781753945e-01
4.953492692905593353e-01
5.269400057600061027e-01
5.064653957722891064e-01
4.845894439692444156e-01
5.181129602251577371e-01
5.469974993196650148e-01
4.967685546248868378e-01
6.530624147653937284e-01
5.161154843341850817e-01
4.753283636383683342e-01
6.972574844860351950e-01
5.710198674771153060e-01
5.282401485522629780e-01
3.530958312181111669e-01
3.361439082644034904e-01
3.360750526945226468e-01
3.368544203784560875e-01
3.148295899222630090e-01
3.487841780567882966e-01
3.394123384459974413e-01
3.364627504800828395e-01
3.362021596309033300e-01
3.442023138273711536e-01
3.491113369297225155e-01
3.489813152777587191e-01
3.222562182873599523e-01
3.413441731981853855e-01
3.515042395512157913e-01
3.598965900293382147e-01
3.492981894859938929e-01
3.332902578153292827e-01
3.326520487307028096e-01
3.426354698595029391e-01
3.426298898034462748e-01
3.431274013104387843e-01
3.381217602953537349e-01
3.472135250807869000e-01
3.153528408460014587e-01
3.535950812386324804e-01
3.133193093630848858e-01
3.408154311273930981e-01
3.513263608272904071e-01
3.490819741492695583e-01
2.794696317706817368e-01
3.452631708736330074e-01
3.498238825294279208e-01
3.457478347025785825e-01
3.436078286921747660e-01
3.490615054790049965e-01
3.546758542447787654e-01
3.383707427766421416e-01
3.119556941246188764e-01
3.439361764246077202e-01
3.351183859877955862e-01
3.394362000131554979e-01
3.400210532666142482e-01
3.377534564581843868e-01
3.450744247454644031e-01
3.479618360315664405e-01
3.387775402805020541e-01
3.415976660347261329e-01
3.471880205077598203e-01
3.540370413946496986e-01
3.475486694146532884e-01
3.391779195628524257e-01
3.437242685313066093e-01
3.450507290821433481e-01
3.460325217738282610e-01
3.321874166851804255e-01
3.356524667042148358e-01
3.440317209989519065e-01
3.501318496110016887e-01
3.463322126719814431e-01
3.143661101247609002e-01
3.364341557228698876e-01
3.429141922872827042e-01
3.502566478048841359e-01
3.148715711942406403e-01
3.399444606377901024e-01
3.565426401578870030e-01
3.434068139723424617e-01
1.554737161800645806e+00
4.821310296196218686e-04
4.329608239752646970e-01
