5.115044411804956503e-01
5.138541768075088889e-01
5.153381267796609544e-01
5.472908329836323471e-01
5.020703744164336513e-01
5.258465695721198374e-01
5.328295255577537581e-01
5.444413725709105201e-01
5.103509120780757025e-01
5.496147289397402824e-01
5.285650938379911068e-01
4.975012688118580773e-01
5.145211149090512803e-01
5.568735539837038617e-01
4.941506562394198943e-01
5.363531367949528894e-01
5.303529425936177599e-01
5.192330871557784278e-01
5.264143689602601706e-01
5.144370279990609918e-01
5.370814756382603639e-01
5.316824696263533490e-01
5.452501566600020944e-01
5.712110292111940435e-01
5.143840137416860747e-01
5.271116713339959459e-01
5.366248692530797282e-01
6.731857547590449631e-01
5.221302428718215261e-01
5.582557633581993750e-01
5.030752743807890282e-01
5.049702624574841092e-01
5.094646914557541262e-01
4.999791231735337127e-01
5.194974784108226107e-01
5.275741246093391679e-01
5.206909725765261898e-01
5.252029803900241101e-01
4.980731012356854337e-01
5.457215205968884986e-01
5.850291497400115226e-01
5.401569371543595288e-01
5.300371347004232403e-01
5.426945342366596980e-01
5.200061265630664398e-01
5.160932367870574300e-01
5.224060766929571331e-01
5.483959111682333853e-01
5.176754637924564362e-01
5.249948179687681238e-01
5.393066691706185356e-01
5.067126975497374675e-01
5.234327449279098099e-01
5.280471234157206872e-01
5.385510333426484220e-01
5.326201487453119388e-01
5.418876155490310875e-01
6.615932177892507315e-01
5.167686406530633825e-01
5.416991140618230283e-01
5.332472445703998476e-01
6.147998649487408374e-01
5.139477467131292610e-01
5.715412754760718084e-01
4.909468028298599185e-01
4.974143812312172841e-01
5.003469141043209722e-01
5.534578230004337795e-01
3.412617580550470486e-01
3.506000251144569813e-01
3.414467629307566532e-01
3.500450577953010955e-01
2.959751030086800183e-01
3.465966635998040113e-01
3.393790420094047189e-01
3.463704037791944246e-01
3.465517157931259917e-01
3.589608677068218401e-01
3.557725193335846692e-01
3.322237303858343593e-01
3.457388489510424545e-01
3.452744816701752151e-01
3.020759476741329830e-01
3.612214679711213683e-01
3.495573815863627920e-01
3.511343179254111657e-01
3.645200705904141358e-01
3.415128915640484042e-01
3.464851929222313442e-01
3.671139144430850543e-01
3.359142742247484548e-01
3.303257277580555207e-01
3.449120535146999456e-01
3.501491822683637789e-01
3.158459261536363250e-01
3.163759670975786475e-01
3.501094801101744536e-01
3.510320782603904011e-01
3.449191703833989764e-01
3.064494558336204322e-01
3.418175050563495576e-01
3.427994686250604994e-01
3.528287200506348142e-01
3.508013233137062259e-01
3.451378010017207010e-01
3.569680985258519845e-01
3.134585070329255485e-01
3.545825000671028460e-01
3.289415541666476650e-01
3.592315571707621058e-01
3.653330816231576406e-01
3.741912144368838566e-01
3.600073402077217932e-01
3.414704414864906945e-01
3.497000058816004397e-01
3.392865957527664289e-01
3.584704794933188388e-01
3.568032438519756488e-01
3.619122008181609451e-01
3.509447777461227602e-01
3.557950761788641336e-01
3.697699251908141416e-01
3.397345295095899331e-01
3.646391025147056597e-01
3.384841276234613616e-01
3.285476993046296812e-01
3.524388846811921661e-01
3.532295418422515265e-01
3.154645967567403231e-01
3.406454275405197962e-01
3.549279177942080699e-01
3.409256306890836585e-01
3.093095570922989590e-01
3.082463141064016310e-01
3.471898247249006197e-01
3.702907350096655836e-01
1.498995731951709764e+00
9.871916236956106757e-04
3.343582134168083808e-01
