5.483473930766326054e-01
5.646432433400896400e-01
4.675489768547863023e-01
5.899327810844586795e-01
4.928773487970009026e-01
5.506933047721341845e-01
5.949521734341670642e-01
6.456034854114484078e-01
5.481428484713916083e-01
6.301196964821323965e-01
5.677623217764711239e-01
6.342766106902562040e-01
5.443840154661960806e-01
6.187935032884575026e-01
5.638537399269153427e-01
5.170712682831721807e-01
4.901327666358274437e-01
5.590231792717870185e-01
5.642883621907361924e-01
5.703953506391399308e-01
5.577707566484666479e-01
5.816109184878035521e-01
5.187512324422198784e-01
5.798899257912837335e-01
5.282275766669682904e-01
4.903603966472881992e-01
5.078309824650620863e-01
5.605337253214439652e-01
6.008657797495839947e-01
5.747612390185552478e-01
5.156455723310114925e-01
4.801921441975778304e-01
5.513612308631699044e-01
5.693662952432275715e-01
5.563731433595514586e-01
5.749166360955857424e-01
4.759814640979334599e-01
5.841196737878641132e-01
4.826058116791547836e-01
5.648699070713131265e-01
6.298507560951268625e-01
5.528516935570079172e-01
5.307046191128286239e-01
5.790807215477979941e-01
5.539596099130698059e-01
6.245090770847437911e-01
5.547460995141213491e-01
6.208856745867341598e-01
6.285277919597045404e-01
4.992880971296503323e-01
5.148416805606058633e-01
5.364796858446791994e-01
5.556646381688817860e-01
6.403233731910124016e-01
5.872566597641289965e-01
5.322260386001463894e-01
5.089203536691090379e-01
5.999501462053209444e-01
5.295616545244998807e-01
4.937018353476714805e-01
5.118782953039513473e-01
6.000252025437956549e-01
5.911949632032628132e-01
5.889413445919895462e-01
5.171220865655388188e-01
4.907644279617734973e-01
4.583249025590992454e-01
6.102658111913886740e-01
3.540351304699367874e-01
3.482651247228417124e-01
3.348125501865326092e-01
3.449822344095573867e-01
2.560081879249737624e-01
3.511929873629059951e-01
3.307652990459246101e-01
3.422014737013717167e-01
3.540404627077446964e-01
3.386945797681105152e-01
3.597112030697335316e-01
3.476825704100579562e-01
3.441953501675433791e-01
3.386551480913094214e-01
3.456811856310345044e-01
3.390176479689342437e-01
3.444839298491864654e-01
3.602544307763914100e-01
3.533801020913802104e-01
3.535136978384596507e-01
3.374329137493508601e-01
3.513120217455607541e-01
3.352273811719906349e-01
3.379595997421470654e-01
3.506120180301448563e-01
3.477561579793514435e-01
3.134608206975448286e-01
3.268408917382104595e-01
3.431472092961748710e-01
3.433732911228358775e-01
3.443608451520052127e-01
3.245495257474907969e-01
3.582299979491290198e-01
3.437915188180004633e-01
3.528725523096801764e-01
3.426798902454092910e-01
3.341463321328392300e-01
3.462460071778353798e-01
3.291483432370317375e-01
3.493639477458065357e-01
3.286404127169769707e-01
3.499799118566227496e-01
3.546484793890605225e-01
3.430088437820981162e-01
3.524117739844649932e-01
3.471533505386635299e-01
3.463725067495891929e-01
3.386306184243962347e-01
3.421713894497872555e-01
3.484856903127541150e-01
3.475819437039732729e-01
3.596299193933638616e-01
3.544346778650207530e-01
3.474497919166718019e-01
3.384342839555943283e-01
3.524966813149403300e-01
3.373559656959974618e-01
3.343564873228001000e-01
3.478498100437157903e-01
3.425375181330839736e-01
3.170234878380192023e-01
3.171425277731931280e-01
3.463178026804257237e-01
3.434697642885096158e-01
2.740173683917829228e-01
2.740329675741217108e-01
3.581977133336903818e-01
3.451830489942933622e-01
1.654975589819501547e+00
8.022008319406293258e-04
4.485538279787045779e-01
