5.273008415845825692e-01
6.008979751515775014e-01
4.986319581327427475e-01
4.771872112784188436e-01
4.935476124722826818e-01
5.150040596390642600e-01
6.073237055361241366e-01
7.031868838036897662e-01
5.197423125449772696e-01
7.417567919294564271e-01
6.995559531526294172e-01
6.906731956288328922e-01
6.039481322613874381e-01
5.885322955378599064e-01
5.186102298082554407e-01
5.563186876908153833e-01
5.978248334398058583e-01
7.867958413353741687e-01
7.063100274185901695e-01
6.688293873027388869e-01
6.208787801089664660e-01
6.563144420197575268e-01
5.480480152484775713e-01
6.778437202376785820e-01
6.440123795387441286e-01
7.016859012310903143e-01
4.658310403553903578e-01
6.894133962680442096e-01
6.504840977743355790e-01
4.715788319110101878e-01
6.517861288872134340e-01
5.017607364019400773e-01
5.494550911263772486e-01
5.147128171947995545e-01
6.304061906922751035e-01
5.565998894200476776e-01
4.839620220890136770e-01
5.300042064459535851e-01
5.035164894779985412e-01
4.657906118296203379e-01
4.528081955128390734e-01
4.849690375093477224e-01
5.007381673511117626e-01
6.017850921460947689e-01
6.435922649960262865e-01
8.101415918653849246e-01
5.071483629360674650e-01
5.478125910780689001e-01
4.834059087595665716e-01
5.160633292413718820e-01
5.357235654515353218e-01
5.067965840296722035e-01
6.431383405669407471e-01
6.097164209130887524e-01
6.343744845415494327e-01
4.830194719417846838e-01
6.635543966972490271e-01
6.133828771181295547e-01
5.730254490530410916e-01
7.644319243476028758e-01
6.655156811305030784e-01
7.773552749037614396e-01
5.520843715180341338e-01
5.794095658534367255e-01
5.530146138861338212e-01
5.034866036492716690e-01
5.833576607003116976e-01
4.549536679965286434e-01
3.620444972457145805e-01
3.512104944026132047e-01
3.097823798448436361e-01
3.639744408065782588e-01
2.762832213176959484e-01
3.560389475395055459e-01
5.294946170820505893e-01
3.319587761335397458e-01
3.603794539353481485e-01
3.226929122320118526e-01
3.424012931137707660e-01
3.419076358667992310e-01
3.435750022015569005e-01
3.264079134459280107e-01
3.527407078594205769e-01
3.350777328122591103e-01
3.422270788578859468e-01
3.349494368428609925e-01
3.402385415587064199e-01
3.462913499876476009e-01
3.275093458890090958e-01
3.455812668722036407e-01
3.240232424629364005e-01
3.062813476387860057e-01
3.476114248670860718e-01
3.295631214023624356e-01
3.533859039554647086e-01
2.979262246130900960e-01
3.332491561909189937e-01
3.543167402805598165e-01
3.489300346464532798e-01
2.865352516259656590e-01
3.629660251198131293e-01
3.444239328725965388e-01
3.528154926206005237e-01
3.589613844276486332e-01
3.227203864219480578e-01
3.617897588197637737e-01
2.715454096264543482e-01
3.633343604240817926e-01
3.132280817311534071e-01
3.661228844747454469e-01
3.632007090539293714e-01
3.498826852701755197e-01
3.482706716129103652e-01
3.282425713402409295e-01
3.168008429561922079e-01
3.274157033255441496e-01
3.680166651974767777e-01
3.330216722739290369e-01
3.671905178643992684e-01
3.710242680257657133e-01
3.441338780601204683e-01
3.512329230117189893e-01
4.007685524705892344e-01
3.681192242745680576e-01
3.076107713031316915e-01
3.049762738123879546e-01
3.555590152544170768e-01
3.273341245704687319e-01
2.531358817608020395e-01
3.036000955552673464e-01
4.028060094645400935e-01
3.397564935322994750e-01
3.505044610787245163e-01
2.604830960709329513e-01
3.435561855738935022e-01
3.382571717330744021e-01
1.915274927115056869e+00
7.228490195320579547e-04
3.449552858227022956e-01
