7.061848329736558627e-01
4.890557009881111861e-01
6.449942372691120918e-01
7.739676858815214278e-01
4.912324226739186450e-01
5.514418393607559699e-01
4.812256144290474325e-01
5.508840527943911214e-01
5.138677047869587566e-01
7.468971533824699804e-01
5.331474222213445913e-01
7.511193134280422790e-01
5.568668816771216168e-01
5.499517817540341413e-01
4.810768570561281821e-01
7.962098993335339214e-01
6.312168992616319363e-01
5.694996534075684735e-01
7.435008220872394435e-01
7.898044478419716796e-01
7.391805166948137717e-01
4.866955221972049661e-01
4.950977940504692199e-01
5.192167909748940380e-01
5.233941745792488609e-01
7.674772896018753343e-01
4.640424846355989397e-01
6.239501977717443193e-01
5.990672251912299018e-01
5.364792768176512849e-01
4.788896377711101549e-01
4.907405131731421011e-01
6.228755761291510096e-01
4.175078456902606705e-01
7.059172864636112932e-01
5.236580043941455598e-01
6.293150393136216492e-01
7.383344403347389395e-01
5.021599513968819650e-01
5.755172719144356908e-01
4.784041626991683005e-01
5.512565940835489897e-01
4.813610995572114026e-01
7.319192488959725962e-01
5.372782012031480647e-01
7.432594480660450476e-01
4.895381569205081163e-01
5.386658232023102677e-01
5.181789964693255257e-01
6.766202359703467062e-01
7.425143746736903028e-01
5.461533810369502140e-01
7.624945075087677937e-01
8.037759546804112976e-01
7.276550722943486704e-01
4.841851760905845348e-01
4.469052370391023987e-01
4.876881806603310943e-01
4.977051429318653519e-01
7.423474634433334662e-01
5.083526016707549111e-01
7.122699407324798448e-01
6.148246623069957284e-01
5.285119119092723805e-01
5.012950574533526771e-01
4.693513775475741112e-01
5.554348102630041195e-01
4.406269058154130835e-01
3.461696007459494906e-01
3.643160008263160998e-01
5.994574902251863513e-01
3.364308495898347129e-01
2.846859965537480441e-01
3.635277543535683775e-01
1.939919883224082986e-01
3.638913406003276285e-01
2.486360274727299480e-01
3.306402953326019190e-01
3.770978361825532144e-01
3.401469523185396970e-01
4.634742231482573138e-01
3.200683493265689128e-01
3.307581941129830727e-01
3.318579965743829185e-01
3.380816060565816072e-01
3.554545298298860123e-01
3.389468381468357383e-01
3.352575488741186271e-01
3.273375479473835670e-01
3.182884875533722457e-01
3.218135570578553040e-01
1.999190994644189923e-01
3.563062367356239490e-01
3.219207399280042958e-01
2.749889380217547807e-01
3.339467881545712946e-01
3.457673667902690928e-01
3.369490908715978006e-01
2.801661910640929065e-01
2.725830955652344678e-01
3.549346039550319021e-01
3.330702524109205864e-01
3.429758418894561234e-01
3.846710876646581290e-01
4.918880177839019541e-01
3.388618647840923037e-01
2.796631132128833963e-01
3.584254136167672744e-01
2.010016531761057434e-01
3.606425781764018290e-01
2.452720870836300193e-01
3.331884711303430557e-01
4.022489187145277811e-01
3.393694330456803465e-01
2.756186786561128921e-01
3.269660952133798815e-01
3.337484159826258900e-01
3.409344593212209062e-01
3.357697830077189804e-01
3.420570646037993656e-01
3.360182692015037387e-01
3.324079029913091787e-01
3.290877569653377632e-01
2.641724370724711779e-01
3.360938537322208930e-01
2.013205660226166371e-01
3.573483071222562368e-01
3.219662930208632701e-01
2.638344331506766172e-01
3.220915330665296006e-01
3.529504886524651996e-01
3.619895641382786522e-01
2.816667708292963090e-01
2.695052967936650834e-01
3.556148796411839896e-01
3.326418845087097953e-01
1.748245466306720619e+00
8.669831400632946111e-04
4.689558620287545554e-01
