7.581418351967457170e-01
5.996776851249830953e-01
4.944609618487787461e-01
7.528264793527472687e-01
5.108613482718383780e-01
5.910295402091331196e-01
5.268319809062342873e-01
6.558057346446071190e-01
7.839858418700962339e-01
7.892346532318238461e-01
7.096227714077156801e-01
8.275213396548158906e-01
4.980460843085209865e-01
7.046681444969958852e-01
6.911584055006457783e-01
6.725693306399642690e-01
5.880790702158097405e-01
8.087593348480773825e-01
6.997623171664667518e-01
8.123709077571723558e-01
6.398213410493902575e-01
7.204176313388342967e-01
6.270612506503545625e-01
6.333918152070882046e-01
5.593507078510996378e-01
6.819489415254823550e-01
5.047242304724155471e-01
5.669597593279459558e-01
5.688603083929550941e-01
6.186669136608318187e-01
5.760245063872545535e-01
5.101777399882391206e-01
5.116169374448641394e-01
6.374163448385664621e-01
7.207946775953342211e-01
6.550580092717385172e-01
5.210994917161180240e-01
7.409999389987009799e-01
5.270551023715823735e-01
6.809689316544670357e-01
6.106972304164356435e-01
5.846019501251600303e-01
7.248807592771204789e-01
8.055751316629308212e-01
4.855654609317526793e-01
8.141847775882946614e-01
6.989830318081152738e-01
6.424685960665232898e-01
7.095111691787874264e-01
6.826100917152494452e-01
5.819977565971277134e-01
6.085614425259951998e-01
7.717346246007195099e-01
7.839838018919801366e-01
7.184694840453615949e-01
6.456979821619084348e-01
5.836804510332663787e-01
5.775621874072180972e-01
6.177649396401968529e-01
6.427839910175643379e-01
4.874622423600549204e-01
5.736040856130514287e-01
4.993273531572638979e-01
5.030825049589003894e-01
4.907708601603710807e-01
4.739176268636046685e-01
4.798755605243497646e-01
6.311252659858088698e-01
3.395141459784450366e-01
3.585146303512568022e-01
3.572246675800657134e-01
3.356880322864309596e-01
2.837539598107354233e-01
3.565262758475446492e-01
3.327120974968207912e-01
3.441765416026218438e-01
3.331142481698645130e-01
3.265733714693236922e-01
3.431704025054077012e-01
3.299912014319201781e-01
3.645291031828998829e-01
3.309274001332699888e-01
3.464342220006795814e-01
3.390578729069025354e-01
3.297354577762142136e-01
3.345117256820495655e-01
3.454550793847487311e-01
3.336284379425700219e-01
3.353229502733595102e-01
3.402474791062206072e-01
3.118552137906965283e-01
3.297102231632885183e-01
3.557942188750220502e-01
3.345642624036544999e-01
3.252756572293322712e-01
3.247982202790350437e-01
3.345233336281974723e-01
3.444678071359277838e-01
3.520403337610644168e-01
2.633849060554694366e-01
3.095461636261864213e-01
3.328657345313185134e-01
3.430226742876929524e-01
3.433937720102319680e-01
3.451873053806314151e-01
3.362759953343116837e-01
2.861007877284630907e-01
3.428884148439068635e-01
3.251023566898524897e-01
3.579816247967702592e-01
3.360196537758374791e-01
3.262485874294701604e-01
3.630871290559610776e-01
3.302986340433299306e-01
3.436344014025065063e-01
3.373562618491980358e-01
3.428523992420948185e-01
4.023358687951974488e-01
3.552850584236260656e-01
3.529988980829144585e-01
3.357968830378612601e-01
3.350693977379832766e-01
3.261230775347233046e-01
3.478939425029137777e-01
3.303304131636398133e-01
3.317676269151675905e-01
3.560874754245210161e-01
3.389595016493064938e-01
2.929980317125248090e-01
3.192871131702168519e-01
3.327683925520614761e-01
3.668709208648731623e-01
2.538506951668352274e-01
3.270837086599529542e-01
2.886832281392434640e-01
3.320405618001268655e-01
1.627953869120693398e+00
6.659070042786338498e-04
5.180665640479049650e-01
