5.094964795403807978e-01
5.056200705797486705e-01
5.295841483902037350e-01
5.125109855542671067e-01
4.968873763587364212e-01
5.072394650110053638e-01
5.393756179305562171e-01
5.171187972028010726e-01
5.051244506494360076e-01
5.320199468439436030e-01
5.159031525854803624e-01
5.073936692122160697e-01
5.089574471394132660e-01
5.334861259746646045e-01
5.063184860564081680e-01
5.293002256527643556e-01
5.561397006404131815e-01
5.095372444945847068e-01
5.207851569247110568e-01
5.232807857436831966e-01
5.386455888126908675e-01
5.114290250675339600e-01
5.912197959781646528e-01
5.624806041546914770e-01
5.061805403560903915e-01
5.742772087904790546e-01
5.563677149636777619e-01
6.018701230769140098e-01
5.260311890402693535e-01
5.572784930362999489e-01
5.024758567679862287e-01
5.056610643235746050e-01
5.073606213914048091e-01
5.223543781474743186e-01
5.078563676020023676e-01
5.050669262346959565e-01
5.281478575676870069e-01
5.150618572852634358e-01
5.018294029466299211e-01
5.302081239923127631e-01
5.358513591712678048e-01
5.414010690685352456e-01
5.086214402239817023e-01
5.245657776940931827e-01
5.165226877566664321e-01
5.035724311318512392e-01
5.099167703513904915e-01
5.364158923950613778e-01
5.066601025020659455e-01
5.388876421917832005e-01
5.219995762244696857e-01
5.029844985632248022e-01
5.062855525533959122e-01
5.106366122370122884e-01
5.279656529228037298e-01
5.070112476790473721e-01
5.667353545176135876e-01
5.563409605363853760e-01
5.094546413422084141e-01
5.299502521034830105e-01
5.385261752788923495e-01
5.856516334959843695e-01
5.151829657439902510e-01
5.323778909148616512e-01
5.059441971039048136e-01
5.072361605808280993e-01
5.039264833282780520e-01
5.209095971225327082e-01
3.505420755201334448e-01
3.349928438648372975e-01
3.310706324013749091e-01
3.617654461165230595e-01
3.036841473751972775e-01
3.426426109526370944e-01
3.336798743146253687e-01
3.516300778854050124e-01
3.369222555249807294e-01
3.603910948750669863e-01
3.474616769702362218e-01
3.532559256634132949e-01
3.254141266796982679e-01
3.441097289890681643e-01
3.335932473767490025e-01
3.622567047290876641e-01
3.529254624890525993e-01
3.374267077388051206e-01
3.626922902147081129e-01
3.653255760046721368e-01
3.398332488289145803e-01
3.543415036189334066e-01
3.360382484471807762e-01
3.407996477524204981e-01
3.336698315737705589e-01
3.495074637527573191e-01
3.137738152030993266e-01
3.335539927322805354e-01
3.543417593561736245e-01
3.499617353883269222e-01
3.026311436785217301e-01
3.285403539104996273e-01
3.365217985312622950e-01
3.617907724901635591e-01
3.464481175078888975e-01
3.425785227997859006e-01
3.368789804637898899e-01
3.596519115792652932e-01
3.039651021071781423e-01
3.509252470118919276e-01
3.319036564837080650e-01
3.427274624273845549e-01
3.411148680912389763e-01
3.502485672713644971e-01
3.307983765179131619e-01
3.557095547717540884e-01
3.333649718984356691e-01
3.387602214626435626e-01
3.334931103477848935e-01
3.603741135790131112e-01
3.613135317379164158e-01
3.268301403363307323e-01
3.425699525640334975e-01
3.347947181989783250e-01
3.437071090283544961e-01
3.561735720644508274e-01
3.383497586423045433e-01
3.413213133819334444e-01
3.383823752911274685e-01
3.509731430747760617e-01
3.134091354218612735e-01
3.337156592207443651e-01
3.502932945926296449e-01
3.447949250287144496e-01
3.329845508036364254e-01
3.285520120169446168e-01
3.278999579791661012e-01
3.553466394889643887e-01
1.464363100292678910e+00
1.029636338630130453e-03
3.933446867481959486e-01
