5.620561699579443848e-01
6.815785136630145846e-01
4.560436129400588512e-01
5.504262851806578372e-01
4.816307305460036381e-01
6.652260835664586258e-01
7.773122184952454550e-01
7.417333102209985318e-01
6.897442444600100364e-01
6.655690919702298425e-01
6.060552273574809634e-01
6.268879582303891196e-01
6.928083964906347481e-01
5.957553484405098132e-01
6.802854759861930445e-01
7.649035316983417987e-01
5.639392334908596149e-01
6.246896364107646926e-01
6.984933732604553525e-01
7.100468302483882166e-01
6.604634961916756586e-01
7.262651872900869332e-01
4.980560762447281964e-01
5.201332591322846977e-01
6.793102024139471284e-01
7.984582494409167008e-01
5.252641533149652320e-01
5.839382462615538838e-01
5.830748305009858523e-01
5.358697648807614344e-01
6.047010384709848863e-01
4.612833746092145359e-01
5.530797467710024673e-01
6.536942576218791601e-01
5.836384509346832505e-01
5.592291192554917911e-01
4.236471892001329453e-01
6.645344259521854813e-01
4.743003167467497727e-01
8.964735603853503099e-01
6.504147016687856775e-01
5.819977488697738455e-01
6.107874241342218236e-01
6.556393827626502135e-01
5.588235081226529122e-01
6.260305274960313859e-01
5.462146984214698575e-01
5.947976465182093220e-01
5.980463814457415150e-01
6.388946007040955388e-01
6.816976520849266086e-01
6.936265575285607277e-01
6.903235810310910381e-01
7.335820572927232996e-01
8.147513293626058584e-01
6.898836410539112007e-01
5.378032792829550157e-01
6.360574586487538484e-01
6.834537652815764197e-01
5.918389800507806164e-01
5.406668002839102316e-01
5.886914990419092053e-01
6.751454977459644402e-01
5.647061421310470841e-01
6.374656775205586046e-01
5.201138636459475828e-01
5.943037060844800212e-01
6.186657575658496278e-01
3.655623425150826833e-01
3.452037490211172233e-01
3.292469075849132065e-01
3.506232294464948773e-01
3.536001129547631794e-01
3.426617425947576234e-01
3.062003046741226808e-01
3.312636420130207204e-01
3.395329935725314163e-01
3.365216679574914993e-01
3.513245749570551024e-01
3.491494727721490832e-01
3.380067501929976403e-01
3.412783317605257438e-01
3.464588421743134972e-01
3.262354597353268049e-01
3.468508518857570389e-01
3.533268038122374111e-01
3.436388194339120017e-01
3.415050910205718604e-01
3.275876689515377360e-01
3.378650241585856584e-01
3.273097606849713070e-01
3.334642127344100704e-01
3.460406051378856485e-01
3.200541275072133485e-01
2.748399662302662416e-01
3.300072385328421398e-01
3.432194493545731029e-01
3.613179400286936072e-01
3.419810356678310015e-01
3.608928783780827598e-01
3.635469541351815104e-01
3.346027070778576640e-01
3.584275307119711429e-01
3.539809015277810000e-01
3.619348466170916878e-01
3.405351477524351522e-01
3.366979192528207765e-01
3.188431276395880531e-01
3.136727260007677320e-01
3.693725654283501747e-01
3.539948275743286521e-01
3.363486165562136754e-01
3.505048535890450401e-01
3.348685287281391587e-01
3.537112181226076402e-01
3.360620383363528418e-01
3.604338313875414812e-01
3.403978511985560340e-01
3.394923281033453977e-01
3.411524863561105625e-01
3.429330049970690242e-01
3.382629597648407760e-01
3.119815190260700200e-01
3.363553411915040647e-01
3.344178081399195035e-01
3.178946622028807067e-01
3.455954859904031840e-01
3.304318460835924398e-01
3.595555908419100777e-01
3.290723852532426164e-01
3.362158777217124084e-01
3.606709348609088983e-01
3.370738743432943330e-01
3.415808617609581432e-01
3.576419262921206599e-01
3.506500419298460014e-01
1.776840776061504590e+00
1.125028695812079101e-03
3.667008546418333848e-01
