4.840225453820319323e-01
5.353060548081224335e-01
5.279991428302689416e-01
5.836215352116526089e-01
5.052359971323767684e-01
4.655284180374967273e-01
5.913481359254820768e-01
5.200031382761254317e-01
5.525366887641793845e-01
4.780153889562674396e-01
5.224277553334807367e-01
4.500299170908517721e-01
4.965270630068140401e-01
5.282127599107641069e-01
5.108031833712884939e-01
5.836315588885424566e-01
6.467387248887032092e-01
5.133467969143639120e-01
5.576216358774305215e-01
4.712946939506297839e-01
5.205606038055132778e-01
5.545222327703496212e-01
5.488193309731678182e-01
6.403619455570470631e-01
5.112595249708434819e-01
5.308837236045005348e-01
5.032216484422282754e-01
6.546917774737054385e-01
4.769476401339505789e-01
6.134040743834882070e-01
4.977689185868059418e-01
5.036461960846063679e-01
5.077721822781924299e-01
7.161714326875768810e-01
4.901143140702761136e-01
5.409444187898102552e-01
5.649104675772501638e-01
5.535861392594747521e-01
4.978110929143720331e-01
5.238367054516807064e-01
5.542149522774862946e-01
5.435266375354085300e-01
5.522464385626268957e-01
5.429987373288954755e-01
5.349371511706181304e-01
5.293477436377471701e-01
5.794262709928231780e-01
5.129066633376447859e-01
5.089359572106892937e-01
5.535463329135742461e-01
5.323944489591010409e-01
5.228936352501395435e-01
5.058175374957996073e-01
5.425140678913557002e-01
5.774085501206120963e-01
5.926878435223973396e-01
5.436907381299168618e-01
7.120932019162117266e-01
5.219802026048746546e-01
5.615983890566187409e-01
5.593660566557644431e-01
6.921115657173236846e-01
6.019963626449095218e-01
5.710534728583023245e-01
5.174841557021138128e-01
5.266649121906042952e-01
5.447578877986563040e-01
5.934688828739081989e-01
3.697430647185607211e-01
3.555587302428329655e-01
4.245299063930626504e-01
3.643632378066040678e-01
3.157209792365585077e-01
3.677793585432695411e-01
3.358055075664758693e-01
3.494619029120577536e-01
3.520475925683398399e-01
3.621250907438299804e-01
3.542784825776946755e-01
3.824905306386994219e-01
3.585702064824198287e-01
3.461947940458124928e-01
3.534024115934308319e-01
3.395106052463258139e-01
3.289730656664330288e-01
3.534863032151368545e-01
3.440879632897949070e-01
3.905378698126157899e-01
3.405752823601282953e-01
3.406555317965155871e-01
3.106274001519022665e-01
3.299566202167374396e-01
3.498508728241664922e-01
3.584476775617771449e-01
3.195096590954663585e-01
3.167286430484273496e-01
3.543227886565971096e-01
3.380587719464552832e-01
3.072637815465408817e-01
3.435307912259948360e-01
3.848400075924379160e-01
3.256682759192112142e-01
3.810837744539930516e-01
3.444286034560687937e-01
3.226685000009125726e-01
3.742767079223939253e-01
3.124715273690932271e-01
3.741582444704204535e-01
3.339698807305347406e-01
3.620791954073924734e-01
3.512570649319128324e-01
3.644071111835415766e-01
3.441663668043767887e-01
3.861210025471285001e-01
3.458726777536445529e-01
3.511955182687907517e-01
3.713349935765699050e-01
3.541218532421553378e-01
3.628981835110300924e-01
3.358227741815623668e-01
3.446295800874438764e-01
3.816981066126473587e-01
3.319018550519816091e-01
3.399655778161282949e-01
3.304497023022684443e-01
3.151213881496359726e-01
3.567073708499312046e-01
3.517282026688529628e-01
2.836987443038261891e-01
3.151149171777487545e-01
3.610200364879003199e-01
3.444851185808754379e-01
3.424249833850859792e-01
3.280415925575955183e-01
3.794371686179560665e-01
3.340323638151416752e-01
1.633630550439684859e+00
1.005158052286861392e-03
4.571253358552911372e-01
