6.866156330588323309e-01
5.539477305019986364e-01
4.103201985877210634e-01
5.817972922957885817e-01
5.442453928735991875e-01
4.541022834808472464e-01
4.497291142696424604e-01
5.958088778910197725e-01
8.149886121262868155e-01
6.395773227172376618e-01
5.205067370464609988e-01
7.147026391358282105e-01
6.651683188213961540e-01
6.538508058744899598e-01
5.672091795341278608e-01
6.573924394273236160e-01
6.013185871048705167e-01
7.000366345545373514e-01
6.244526183960950050e-01
7.244182570548421962e-01
7.170853741319737074e-01
7.951237950073403171e-01
7.914478710859551569e-01
5.600333236872256926e-01
5.569555636939478305e-01
6.732546452678905835e-01
4.484359547637474797e-01
4.069384187364384897e-01
1.001478587914139462e+00
5.481189848648090335e-01
5.451675766231213194e-01
4.927741333284327285e-01
5.230874733441261970e-01
4.721843165872018355e-01
6.467860871847646020e-01
5.673996594605134058e-01
7.365401772225279586e-01
7.182855842853546058e-01
4.880161837078631493e-01
7.387761137531112521e-01
4.629624038445190326e-01
5.579525340365436570e-01
6.531785022125896623e-01
7.185335395196109642e-01
4.942166788432349467e-01
7.275122897297456870e-01
8.025469157332112413e-01
6.815007799261388888e-01
5.815254691433855427e-01
3.888815375483245518e-01
5.708904506963641268e-01
5.185469878602572136e-01
7.630255033281300170e-01
7.135870369269680102e-01
9.179112357442551495e-01
8.846658775218990689e-01
8.021412187040323216e-01
5.134264878323437920e-01
7.224118561809447225e-01
5.963693086097616725e-01
4.992373485601812044e-01
5.314098160027167506e-01
4.568966512103642130e-01
4.695301454169250044e-01
5.503495605802951607e-01
5.177244797243681917e-01
4.854626214369031079e-01
6.026583748933814766e-01
3.496766668769833442e-01
3.884182674571053373e-01
3.313601850776021762e-01
3.488030324045264252e-01
4.126302321125572270e-01
3.683350949077099923e-01
3.747968135681765678e-01
3.426974134762045265e-01
3.274523275010348677e-01
3.338017764911677121e-01
3.652930420301122028e-01
3.360303931044932857e-01
3.371902021762662738e-01
3.272837409822644261e-01
3.567333943058334511e-01
3.642964226746495671e-01
3.309750147256603769e-01
3.452167364058317811e-01
3.523190627693041921e-01
3.398858317337977719e-01
3.235465127581203526e-01
3.271625975351389881e-01
2.901396171610240993e-01
3.280096953189129971e-01
3.765637267169464342e-01
3.274025779351547039e-01
2.866627386504531083e-01
3.339305295006784191e-01
3.045006095956727665e-01
3.497497166912135191e-01
3.585683045302066607e-01
2.916934006553859038e-01
3.437681992978801060e-01
3.482935206468550371e-01
3.580918271771017514e-01
3.464158730882647697e-01
3.111501887406079025e-01
3.357512821610305065e-01
3.176972024650896453e-01
3.344230922875572887e-01
3.197244500809010015e-01
3.641009592433027686e-01
3.435929227665406871e-01
3.313334065530734729e-01
3.780108430965452571e-01
3.354518704835794951e-01
3.217804331434889753e-01
3.313431403619901405e-01
3.547228484233478363e-01
3.556413829266885651e-01
3.457200211544173007e-01
3.607456268417344458e-01
3.348543803073024683e-01
3.371495467315621664e-01
3.048873841259039930e-01
3.184656266181087880e-01
3.091518557774606824e-01
3.258318057705508197e-01
3.501760563819735772e-01
3.270848216994470259e-01
3.949383666389141290e-01
3.230433499367444394e-01
3.563204038322407841e-01
3.459327275676544744e-01
4.831013912983238567e-01
3.335347449652252827e-01
3.115747360680032885e-01
3.246738876703919585e-01
1.975877307624210433e+00
1.245078188269844316e-03
4.835668008570851994e-01
