5.027806525969847895e-01
6.208055823495135517e-01
4.499770743816899343e-01
6.225788336934375833e-01
4.986624992073053764e-01
5.338401760012132513e-01
4.392660056268912205e-01
6.047395369726304981e-01
6.653893644741352142e-01
6.378618425473717712e-01
5.993046236809941307e-01
5.437281458344422891e-01
5.724692785750824520e-01
5.917373138856885095e-01
5.454618259419450332e-01
6.758756384185672372e-01
8.087472164217528459e-01
5.691681165529408615e-01
7.260288147964618632e-01
5.388946092335277216e-01
5.732231206809567103e-01
5.725237309179100897e-01
3.967524953266451382e-01
5.077102154639128173e-01
6.181510909827701017e-01
7.000584553162932933e-01
3.788561705722981454e-01
4.823836101816174060e-01
6.052693654015049995e-01
3.560684966869299140e-01
5.653133870384713378e-01
5.197300753458944378e-01
5.035698553161953583e-01
5.856338337597994936e-01
5.552050762976362686e-01
5.605618396909235468e-01
5.460132521438886277e-01
6.925831196054372807e-01
4.882759853748043222e-01
6.850714305490784861e-01
4.751548557577559562e-01
5.952868335665310040e-01
7.552611974937958328e-01
5.848058979326080653e-01
5.880997978656004044e-01
6.088933671006231396e-01
6.802994622318181417e-01
4.854925274890620202e-01
5.604736058700552359e-01
6.828415393018703039e-01
6.584873245987273860e-01
5.953542554211446181e-01
6.367464816575606479e-01
6.526203042134975929e-01
7.876202931927183126e-01
5.769854815625437006e-01
7.040717821561833789e-01
4.308336925034249587e-01
6.133124567684686834e-01
4.956963071233279061e-01
5.607446862644909213e-01
4.602070796299788658e-01
6.222048295797696360e-01
5.583179959520777613e-01
5.693371089830653320e-01
5.325357128386078998e-01
5.744436636817130681e-01
5.331264987816232148e-01
3.641695139975828499e-01
3.493836990177135449e-01
4.262865031587209086e-01
3.421812237302572224e-01
3.426184582712691884e-01
3.520784977047001774e-01
3.349319890344626960e-01
3.420883791745080726e-01
3.385233752536777052e-01
3.351881724050014277e-01
3.502005402834171277e-01
3.477837451314297890e-01
3.488774142625100660e-01
3.363704375188443230e-01
3.438010716376508902e-01
3.368916133181118489e-01
3.199725942577021365e-01
3.549838992922700887e-01
3.381897323808527589e-01
3.463554962739675558e-01
3.330415605438317717e-01
3.510851449686407943e-01
3.309749383638964093e-01
3.332437456082740224e-01
3.480653263079195314e-01
3.200310715883681323e-01
2.916760382910967286e-01
3.239557076881250386e-01
3.407645604327180222e-01
3.665404972727469013e-01
3.484339431217745031e-01
3.119573441915992063e-01
3.638277122820129938e-01
3.423454162156718827e-01
3.482860938281074348e-01
3.522792836037109132e-01
4.765877335114326874e-01
3.384236256995836745e-01
3.466602176761272580e-01
3.430303340916517341e-01
3.221028352686028384e-01
3.461481426955914098e-01
3.328095778904933133e-01
3.422483284467448539e-01
3.456599188661298450e-01
3.533930801134330113e-01
3.382790207148673178e-01
3.523030234214646339e-01
3.584718353506115562e-01
3.357656409269779152e-01
3.224478101641508054e-01
3.469561046367085622e-01
3.450725445446679029e-01
3.491156461918723530e-01
3.173409624621620351e-01
3.466707000436490271e-01
2.950350879146642624e-01
3.327958224603748127e-01
3.488449563446583412e-01
3.435419957932430157e-01
3.337942172886089742e-01
3.553101777801476735e-01
3.433483931093357366e-01
3.538235674018671562e-01
3.442127141889141373e-01
3.416542192030261327e-01
3.609201891286508701e-01
3.463785993600654312e-01
1.882530027548987794e+00
1.078770736269211994e-03
3.405693994294285987e-01
