5.376790238016201373e-01
5.154853786417615824e-01
4.746780665925173781e-01
5.001356707787297795e-01
4.977123882397841426e-01
5.356379911732623844e-01
5.381634275396066647e-01
5.868414659752666518e-01
5.167452703098246447e-01
5.338012238132913145e-01
5.047556181765169292e-01
5.472364823286067770e-01
5.182691129855567791e-01
5.477542573924490954e-01
5.072835389598823186e-01
4.812231674889684285e-01
4.868513092767151607e-01
5.145847200271167488e-01
5.045477251025530796e-01
5.183435098394002516e-01
5.624587195448873533e-01
5.498316676156573823e-01
4.984170339041182340e-01
5.628923047746198227e-01
5.124569696174958722e-01
4.890324964494063842e-01
4.811764265339050772e-01
5.425759183510919792e-01
6.186038508478622910e-01
5.794219671049791742e-01
5.018470750645506184e-01
5.233881432841742676e-01
5.135918803712227199e-01
5.792299880435187731e-01
5.185349916304092810e-01
5.378142899852859093e-01
4.944316534170068445e-01
5.008059448325012930e-01
5.012179009342987435e-01
5.179343380588327106e-01
5.813723178606040598e-01
5.267951002011955763e-01
5.077835406571560295e-01
5.062826277959149301e-01
5.124066863752431145e-01
4.918643506170123358e-01
5.309846621370520880e-01
5.242427422917638191e-01
5.059287785378897562e-01
4.803177377595238551e-01
4.964197788113134946e-01
5.058947060175018606e-01
5.239535100774329601e-01
5.106444748624359153e-01
6.163482176611869701e-01
5.628999315060371211e-01
5.074538068338525498e-01
5.354561143115958988e-01
5.224546354678157867e-01
5.046620664520725663e-01
4.936738996811347313e-01
5.502042903966948284e-01
5.163750535159756794e-01
5.709853091202338193e-01
5.109161875706090816e-01
5.054905123588270266e-01
5.040088036543054484e-01
5.718912034571398406e-01
3.532785686335032094e-01
3.398657204930150000e-01
3.382603976616896380e-01
3.767508313728868408e-01
3.051504424638841750e-01
3.424055530551710635e-01
3.314606083894994226e-01
3.377338322940107718e-01
3.491506735368984926e-01
3.605188031454137354e-01
3.390918326190163756e-01
3.765689916273644022e-01
3.350891190395245967e-01
3.360558443755755631e-01
3.338395553102919133e-01
3.423600638362817028e-01
3.450706938647840061e-01
3.397271212550797004e-01
3.372823718895722744e-01
3.340867389210815386e-01
3.416411376692132240e-01
3.485594297544115094e-01
3.448451795934702191e-01
3.382576960330478943e-01
3.394567544597722475e-01
3.418940685973307358e-01
3.082952986790647998e-01
3.343641442840027955e-01
3.391749882779470648e-01
3.435112873121009547e-01
3.135553414558597263e-01
3.415104066255632564e-01
3.606718819815022958e-01
3.494342359671403497e-01
3.627531632886245583e-01
3.360164371070644140e-01
3.398978845280590799e-01
3.749666410761820501e-01
3.084726147817193898e-01
3.553945933439181526e-01
3.284451801964853312e-01
3.505042359443474864e-01
3.486385699269023419e-01
3.648641479853614311e-01
3.352469247099401639e-01
3.644511982452546262e-01
3.244743919452016123e-01
3.374952009811532649e-01
3.371091674564254959e-01
3.492625032782025740e-01
3.442450398629539610e-01
3.336918569023687997e-01
3.507499342947655308e-01
3.567034752354990013e-01
3.387919505321672076e-01
3.614056186161021533e-01
3.465185898024733535e-01
3.358305604026354807e-01
3.398022187740104560e-01
3.511114665402347290e-01
3.119515548129577209e-01
3.315055015260042759e-01
3.499784561103190250e-01
3.443012402522049320e-01
3.255342442270282022e-01
3.365267181200738977e-01
3.385961113341692807e-01
3.399592228055306475e-01
1.658614812959212204e+00
1.002724925389246111e-03
4.206002715584886698e-01
