5.263553806971802418e-01
5.699444436117597768e-01
6.074534092362071647e-01
8.159344254937038743e-01
4.898877744206805995e-01
6.558621863570074373e-01
5.670793613714040227e-01
7.053060895149998455e-01
7.377768993942585007e-01
7.394523112139970156e-01
7.352777316360189497e-01
8.089552567469435740e-01
6.240282262014541503e-01
6.326610865811114204e-01
5.327777195960136103e-01
4.350980327857676411e-01
5.522271605154681628e-01
8.016174312303875338e-01
7.649505288374240930e-01
8.130182936334434673e-01
6.009640481914989563e-01
6.942512315569105974e-01
5.850284213753266238e-01
5.770871232578450583e-01
5.702314277323653480e-01
6.924135029750426717e-01
5.788616609318484318e-01
6.053472138614015563e-01
7.199201387366512828e-01
5.843348559214709415e-01
5.694192477518402740e-01
4.858302158788999625e-01
5.699525935159033274e-01
7.375299918525074494e-01
5.315351263242840130e-01
5.819100588801201512e-01
4.542564373881841644e-01
7.805547678278358381e-01
5.041995654059485688e-01
6.358683847965418412e-01
5.064896295494657474e-01
5.383559002807949412e-01
6.636865159848708284e-01
7.391858715020932502e-01
5.066656035531453828e-01
8.056321952455849367e-01
4.829620037273729682e-01
5.042766050214549933e-01
6.237175532759235974e-01
4.590351027505555903e-01
6.265950555656454313e-01
6.753935528667474042e-01
6.550482943037563288e-01
8.009919421307186704e-01
7.326525592532510123e-01
5.966792193422508772e-01
5.175570762764118982e-01
7.499976934406071827e-01
5.085396739001687427e-01
7.524359544919915210e-01
4.638827215253948366e-01
5.410713680344272358e-01
6.414232908818249257e-01
5.299072506632602764e-01
5.820279153431323627e-01
4.939604367835922494e-01
5.352486354840929605e-01
6.597418083261289423e-01
3.660304729406035906e-01
3.602698063639984682e-01
4.245046953051649918e-01
3.303173440371801051e-01
2.756937302677657242e-01
3.456597883019208450e-01
3.934889526795958825e-01
3.379444107422532872e-01
3.377494727932044971e-01
3.273426469754757151e-01
3.405170969502444578e-01
3.317674230518297684e-01
3.387872800305609666e-01
3.281757741901231151e-01
3.475965470670033253e-01
3.448588116900294098e-01
3.540194412327013485e-01
3.355119964581499414e-01
3.366013247370409633e-01
3.333215147443534532e-01
3.318975624850424855e-01
3.432325688765513472e-01
3.163263501537703637e-01
3.333901311113374732e-01
3.595101079981586345e-01
3.296298920791653209e-01
2.774249044157719446e-01
3.129152221010100265e-01
3.301885162750607949e-01
3.482093579762676194e-01
3.574216144224808822e-01
2.835729728408920014e-01
3.650172396153417709e-01
3.305223333511885797e-01
3.654676136928409202e-01
3.594687302960768438e-01
3.372215296983626653e-01
3.329973101028740334e-01
2.593200593560802125e-01
3.451375415868495056e-01
3.253809237913621866e-01
3.614476902948471349e-01
3.406858713755134827e-01
3.319421990419959001e-01
3.689482205502489509e-01
3.310800269688790043e-01
3.021095729521502959e-01
3.406414659923002741e-01
3.520963907833766227e-01
3.101551566494040735e-01
3.539149509687047335e-01
3.469519816234718501e-01
3.458225952975348960e-01
3.333013141034357196e-01
3.305469377212846838e-01
3.553873024814419579e-01
3.127379345174659542e-01
3.156395821124096113e-01
3.653559713306700485e-01
3.265391705804971401e-01
3.444837161252457536e-01
3.300368783262203620e-01
3.438594617725979630e-01
3.540024906896724888e-01
3.547016447152005481e-01
2.577953309618518096e-01
3.560092034192519073e-01
3.313484690486382944e-01
1.657979746493272177e+00
6.784987139179222103e-04
3.735385231097738679e-01
