5.456743428616959157e-01
5.605418318432441316e-01
5.574327295347171196e-01
7.551000860368367595e-01
5.201989129787703003e-01
6.894185710519968868e-01
4.710622515353136142e-01
6.138083933876735676e-01
7.644209513861052185e-01
7.327780783533623943e-01
7.256533536997791245e-01
8.359758505843413179e-01
6.326906115860040369e-01
6.637892707031516348e-01
5.127646448132451296e-01
5.975599969249102417e-01
5.992674146121186318e-01
8.254932114079147620e-01
7.963910394031054052e-01
8.280414680802555827e-01
5.120504304763664472e-01
6.733939576448542130e-01
6.126510685882561313e-01
5.494726181320163105e-01
6.343071888107496559e-01
5.690333212250384687e-01
4.908760421754577719e-01
6.391617850897161057e-01
6.073037154512662683e-01
5.510825150575705544e-01
5.769781367114383830e-01
5.103881323768113543e-01
6.262521773886675636e-01
6.707531853560040336e-01
5.452373828010907975e-01
6.303642734247755230e-01
5.320469349598894171e-01
6.977766509084655233e-01
4.909001009270169691e-01
6.333605724279229854e-01
6.305959785528885142e-01
5.693347593866465717e-01
5.951175367139944772e-01
7.391945553591363627e-01
5.181346638074336708e-01
8.343700692306561528e-01
4.670521057423558386e-01
4.613147842676559307e-01
6.390824963877524967e-01
6.365741383623682026e-01
6.824590320542021082e-01
6.668004336319129921e-01
5.901398598592222378e-01
8.245424159692776866e-01
6.122432460206468363e-01
6.232201387470079901e-01
5.534987647196064620e-01
5.845302002765476734e-01
6.243979359880488245e-01
5.940539171853287392e-01
6.101182405213055882e-01
6.755733805903170186e-01
6.190252001517948521e-01
5.855419072762590993e-01
6.464625385284434866e-01
4.802253280612970854e-01
5.358749512333020881e-01
6.661203592266241591e-01
3.619811438813445581e-01
3.594609969043182085e-01
3.196505881946142824e-01
3.362676843577864783e-01
2.728462279034885030e-01
3.414554797490649829e-01
3.546058073379937392e-01
3.456228225218009320e-01
3.358429743733293837e-01
3.307045688894890145e-01
3.417667335760670722e-01
3.294255229532397355e-01
3.428092220876222673e-01
3.244508666079446990e-01
3.373746779106574500e-01
3.280895705874848356e-01
3.518017561064990528e-01
3.327610616838940216e-01
3.333479558104292528e-01
3.320670625928934250e-01
3.451681642350267754e-01
3.449947596221069612e-01
3.141377111643693376e-01
3.378808495647976362e-01
3.515055042469336644e-01
3.504644426829162662e-01
2.976931274762055213e-01
3.115231442095496295e-01
3.420100642868728613e-01
3.527065126808506812e-01
3.568790521342479205e-01
2.972995180716002661e-01
3.574832483430855912e-01
3.365009222802758937e-01
3.608392535094079867e-01
3.471605359728993645e-01
3.255202654170638588e-01
3.404532857021275172e-01
2.598691281455662860e-01
3.431163632859132728e-01
3.415236580181597037e-01
3.553562705899228624e-01
3.471069089514891570e-01
3.300629259290476791e-01
3.670573965657770166e-01
3.281308519977723659e-01
3.291332019428025446e-01
3.258058271739461831e-01
3.448631426914535170e-01
3.681825819406548961e-01
3.432765674625294916e-01
3.445748424298984980e-01
3.526678214555992175e-01
3.310024404515640173e-01
3.279958916081657239e-01
3.496629707951874888e-01
3.688467867385962218e-01
3.304642737935327146e-01
3.476658760946744198e-01
3.452330215177299988e-01
3.072887290071237842e-01
3.028037883069654712e-01
3.456660365320229356e-01
3.467641179775360905e-01
3.472441704617304503e-01
2.571068307310646617e-01
3.537378130715073121e-01
3.310742893867932302e-01
1.694291138340145997e+00
6.229217481088484372e-04
3.607879298605096707e-01
