5.337237519172522981e-01
5.983678606917572917e-01
4.993556504740675472e-01
5.069745544368314816e-01
4.710168956927928696e-01
5.992639953766715211e-01
5.742490355332363627e-01
5.378542474937246798e-01
5.271620158434292547e-01
5.448999621001147098e-01
6.076563349023291760e-01
6.407195034564892033e-01
5.093233108883049587e-01
5.782490672266580312e-01
5.246266725159328681e-01
4.727891706119268789e-01
4.675699624747483019e-01
5.566803382747860240e-01
4.647284142388334316e-01
6.670402547910843083e-01
4.739868228906920500e-01
5.088459313594571043e-01
6.379265857075130386e-01
5.434407666492223621e-01
5.402575781884191297e-01
4.902036453603651478e-01
5.635022739658056556e-01
6.310394970477580801e-01
5.955411580449264664e-01
4.913152266231752274e-01
5.031817434157217495e-01
5.239792825123520403e-01
5.193337776565183361e-01
4.775309646109557882e-01
7.228700813591706353e-01
5.081471596700987137e-01
5.467280486198986544e-01
5.163603014475569575e-01
5.200974911412915569e-01
6.975803854809319304e-01
6.713159283836962476e-01
6.941626845337303120e-01
5.164252777083707668e-01
7.327190182402910645e-01
6.287738426105556888e-01
6.225774419044285413e-01
5.739887056602163140e-01
7.404477549185790597e-01
5.498531965705570901e-01
5.208859755447949880e-01
5.133899997504569601e-01
5.736135583933125170e-01
5.475646587963092227e-01
5.282500349700004483e-01
6.323922360057030456e-01
4.812416790696256164e-01
6.496252190207882915e-01
5.585585796715242246e-01
5.239659150155475675e-01
5.741003801727252442e-01
5.638135446123663241e-01
6.618711260078197212e-01
7.388468477073932839e-01
6.889030816595236306e-01
4.865762280178944077e-01
5.015310731612816486e-01
5.893294910526727381e-01
6.388621167393979672e-01
3.503438285201972979e-01
3.404141354631012306e-01
3.554741966515665430e-01
3.570656378519738161e-01
3.083555358808284796e-01
3.412289107886389838e-01
3.335468621001853595e-01
3.472090880282337477e-01
3.552238425612441186e-01
3.486204598029410962e-01
3.483916200994446322e-01
3.264109718783675396e-01
3.569918957817500016e-01
3.387556626854442143e-01
3.500102185050931181e-01
3.529249723527385640e-01
3.534174574112519673e-01
3.510536612059181327e-01
3.643859989849410064e-01
3.264327230050548256e-01
3.474293305391766284e-01
3.562577148787867132e-01
3.274602202220635583e-01
3.371894660222323759e-01
3.567100427258141360e-01
3.523489387593493061e-01
3.089701340626448411e-01
3.214416641748785719e-01
3.414290038642313063e-01
3.491750792697508876e-01
3.501791581813319398e-01
3.247907778054918704e-01
3.497291774652706020e-01
3.499816786538756941e-01
3.498135982239819475e-01
3.598335635096885921e-01
3.388831504060628164e-01
3.579957189158267106e-01
2.764547134995768984e-01
3.401580918473793291e-01
3.210798734597563042e-01
3.487499777832284709e-01
3.573814032422508169e-01
3.335049461561845896e-01
3.479997131801883525e-01
3.465622074380848572e-01
3.494290780389699425e-01
3.316704577009553789e-01
3.446979856279138166e-01
3.558073339556133141e-01
3.604580107634072772e-01
3.572973936557323760e-01
3.556570816552157011e-01
3.586909350622193848e-01
3.344838865444251241e-01
3.592693495737152021e-01
3.243318618372446616e-01
3.334220623877490741e-01
3.543856269683720583e-01
3.413983836337987632e-01
3.133255696862175532e-01
3.202334014661216699e-01
3.370094448980942015e-01
3.325044408733165979e-01
3.392892110572862108e-01
3.299879150256758709e-01
3.638891149032685290e-01
3.342617480615663328e-01
1.502243384577855778e+00
1.036928411931881079e-03
3.405037827307288434e-01
