5.125838862719258593e-01
5.636591511152631018e-01
5.299689966238335659e-01
5.176077056566644741e-01
4.923979199122196504e-01
5.512339018070678831e-01
5.816187098066993855e-01
5.181764403618899228e-01
5.266465026824256324e-01
5.432282186785548639e-01
5.242258095431439058e-01
5.324002291089484640e-01
5.344978091778013196e-01
5.618749695635578689e-01
5.088293131558636606e-01
6.469469562976345456e-01
5.623220402171832388e-01
5.188329936360862593e-01
5.449671837368174065e-01
5.140191314475482942e-01
6.356092562489626951e-01
5.692326993662375489e-01
5.396680617617483078e-01
5.568628923861134172e-01
5.352184188563559042e-01
5.833408347617154988e-01
4.924750585418746218e-01
5.341875704238069344e-01
5.267689951072139776e-01
6.063165380027992768e-01
5.060778462896758922e-01
5.095923584608005319e-01
5.053394438797714772e-01
5.873349028068119981e-01
5.215147982552330586e-01
6.289558487837060285e-01
5.585917553583092943e-01
5.429154005265218741e-01
4.929290073768080038e-01
5.431230904912857094e-01
5.852300501171695535e-01
5.413345692225928207e-01
5.363143042854030540e-01
5.602671609912028838e-01
5.367969913167220941e-01
5.268896392039449372e-01
5.138436758029496509e-01
5.587605143948211062e-01
5.107887027427072679e-01
6.233690882756079965e-01
5.962188967846172583e-01
4.901604616694072436e-01
5.506322803628320717e-01
5.150377652029500819e-01
6.272734672841455694e-01
6.331943029215453267e-01
5.479563989539687485e-01
5.330356616487490484e-01
5.492163274276634644e-01
6.009169330920499652e-01
4.934937442203735092e-01
5.185704064441698513e-01
5.352969660708298827e-01
5.840746076592795433e-01
5.200130816513721665e-01
4.993097354967079293e-01
5.061605770704072915e-01
5.914559767010095781e-01
3.456502524346827809e-01
3.622532548466469993e-01
3.271002129904845290e-01
3.811167226154010823e-01
3.068214034063818652e-01
3.720721546196038010e-01
3.310294450854519011e-01
3.300323407617453131e-01
3.824272762415076854e-01
3.540210237351744116e-01
3.776426615783134988e-01
4.214627922287176864e-01
3.571803091270375208e-01
3.556796354596939991e-01
3.394047812476005399e-01
3.423375187583563850e-01
3.390516658220643631e-01
3.596389001473380698e-01
3.613650727925024064e-01
3.830639345065209311e-01
3.474709231867741943e-01
3.547529610907758646e-01
3.292089403338506748e-01
3.477766805809385242e-01
3.706842998517245191e-01
3.459052282279244106e-01
3.159730198478825636e-01
3.326501060804900600e-01
3.586870017335557770e-01
3.582641652321565950e-01
3.292708140719514676e-01
3.062613751764626246e-01
3.610045620971297220e-01
3.591726814519651811e-01
3.566275315339685892e-01
3.597211814922963158e-01
3.337367915285747721e-01
3.937511998277395953e-01
2.945107384517754445e-01
3.606396415178180770e-01
3.423124936345730007e-01
3.561033675724357139e-01
3.841075391466121647e-01
3.630128556301964737e-01
3.756445560632736824e-01
3.951041967879201366e-01
3.615786246702257234e-01
3.377654944361536127e-01
3.562583611410226059e-01
3.401728130958753815e-01
3.476971239041899420e-01
3.562600000176178172e-01
3.726567288517055321e-01
3.613700580911289872e-01
3.490345274557938304e-01
3.653289106440501532e-01
3.280019593804328615e-01
3.482880881366258730e-01
3.779704421599396347e-01
3.526836196701943482e-01
3.187354576701320608e-01
3.325751300807638366e-01
3.545208698529808689e-01
3.479784805680027349e-01
3.495461720247928228e-01
3.272369648796696340e-01
3.320387198315717381e-01
3.628380023833105983e-01
1.475886667901036065e+00
9.763612528892551354e-04
3.228121999877182069e-01
