6.084475181809598787e-01
5.783247855827092776e-01
5.052978053198330377e-01
6.398455184181881528e-01
5.175720727294110812e-01
6.017871542920339989e-01
6.112031472420486056e-01
6.529738055072036307e-01
6.410415528344669545e-01
7.063627981771660735e-01
5.753298641274785519e-01
5.755302089433822488e-01
6.070889812237298955e-01
6.035328355129427891e-01
5.379937334271418514e-01
6.546888572356077685e-01
6.884097217398357227e-01
5.893963166336180226e-01
5.977545827102480613e-01
5.261774405699891632e-01
6.807785114400892734e-01
6.171295270497237917e-01
5.112949398969390824e-01
6.087700215196141240e-01
5.487707925384143204e-01
6.500884760493487180e-01
5.115982823131235424e-01
6.363391597302751057e-01
6.451999093497953197e-01
6.503392741274293121e-01
5.193178894986532068e-01
5.465778181801929092e-01
5.314199199523669259e-01
7.001865530972495311e-01
5.942979641701401361e-01
6.051190240960928612e-01
5.522395168925378073e-01
6.565918660860992073e-01
5.031004357432344865e-01
6.241350951374127209e-01
6.105192895087477867e-01
6.400351010806084595e-01
6.222585296261272658e-01
6.936657022145721330e-01
6.634277653148410447e-01
5.841674445978189967e-01
6.516236736202677404e-01
6.340013328727213127e-01
5.036065792840175304e-01
6.066902746244343669e-01
6.690094976144648209e-01
5.735659531443767500e-01
6.514934806128389599e-01
5.523894497820049931e-01
7.282937161978719764e-01
6.542148666695341008e-01
4.887713922131111111e-01
6.250479145540973613e-01
5.460351341272878800e-01
6.857579715137441800e-01
5.068761277858689906e-01
5.614037803943472404e-01
6.344950418210933973e-01
5.770269952971176508e-01
5.232881027386965256e-01
5.383019584497282795e-01
5.459458930388456643e-01
7.187026356203332078e-01
3.663429941312474347e-01
3.621337379173612536e-01
3.301954585148699772e-01
3.486827128927695307e-01
3.612039610933245326e-01
3.591318130627124128e-01
3.292281333759458639e-01
3.459864568412667207e-01
3.475336598682464695e-01
3.380005727515329461e-01
3.588215471103768373e-01
3.622407980408944850e-01
3.504419630543780251e-01
3.440548102549382814e-01
3.720549709484743395e-01
3.387962585313645247e-01
3.367720126801613811e-01
3.594030815083243402e-01
3.569930581916611612e-01
3.696302367706928438e-01
3.320850967280685184e-01
3.532621776548122705e-01
3.356161879723176811e-01
3.338331153621432734e-01
3.599126347887442456e-01
3.357706422720763140e-01
3.211107457534944642e-01
3.225652789819951072e-01
3.424580202688401465e-01
3.394094194741712478e-01
3.341303941255662768e-01
3.553224971620659312e-01
3.813507981546624959e-01
3.360899391556959603e-01
3.618643804942886510e-01
3.472869832169913074e-01
3.307025539027954042e-01
3.496172297131660556e-01
3.410365409595516595e-01
3.492988705593199072e-01
3.339435986825030622e-01
3.522798664857431650e-01
3.492671881075977702e-01
3.403596979705069137e-01
3.467603074807913410e-01
3.643386757509154972e-01
3.443714066332381196e-01
3.424766013407821719e-01
3.722460653203603087e-01
3.368373222178675519e-01
3.453716529344203479e-01
3.609738190805418245e-01
3.492227410770508134e-01
3.712988493776770982e-01
3.311494872718271920e-01
3.428002116749792050e-01
3.361937223701672584e-01
3.313973656225219777e-01
3.630643011943380238e-01
3.302392619246408145e-01
3.192009150285231023e-01
3.275256527161922171e-01
3.490714725681730579e-01
3.507269900554590425e-01
3.428351314892815749e-01
3.475233916345247254e-01
3.737036008288217581e-01
3.320889577448852270e-01
1.462606290276453391e+00
9.377834629803342764e-04
2.975322158581593657e-01
