5.039565760952943174e-01
5.145889209692027233e-01
5.224245753349791022e-01
5.187951925908318440e-01
4.996438149510081805e-01
5.152218863370167101e-01
4.969524432909909195e-01
5.402964470073701175e-01
5.211784068164327932e-01
5.496553246242124047e-01
5.075039123253249906e-01
5.079520748710152356e-01
4.996407000447448121e-01
5.137367541666044701e-01
4.913578714422703886e-01
5.559247892917755784e-01
5.513763353623847285e-01
5.068340148411276669e-01
5.147321142569961649e-01
5.137510896468320265e-01
4.966962782074609839e-01
5.104238529033134908e-01
5.245980711470598079e-01
5.108771767546969045e-01
4.983110413301509167e-01
5.781438153722938678e-01
4.931866586852364787e-01
5.618413735882334947e-01
5.182783026163706452e-01
4.923541468668035104e-01
4.991162802642162277e-01
5.028650435649235639e-01
5.011485863797270346e-01
4.937929665439191318e-01
4.938829702230474461e-01
5.211077378047801467e-01
5.431797618448558351e-01
5.080896740031635161e-01
5.045153110499722704e-01
5.172653243733575934e-01
5.342449555960987473e-01
5.224667033720286069e-01
5.179735773471196847e-01
5.415455758998094504e-01
5.041636629841292905e-01
5.155596318411410639e-01
5.001542124407245549e-01
5.469066172349187349e-01
5.059036929839882957e-01
5.823015000440445732e-01
5.347373767984739956e-01
4.992682841688110273e-01
5.193931344250966031e-01
5.090023790644488955e-01
5.060366820815633826e-01
5.279904974976973309e-01
5.105565950902768435e-01
5.464469523766743997e-01
5.071026254240784681e-01
5.481006515710800109e-01
4.908446764187305855e-01
4.717923887638341141e-01
5.137667691954816984e-01
5.119836720633845761e-01
5.045989640193511150e-01
4.913457739804146240e-01
5.089862770353686949e-01
5.173406975777715688e-01
3.318371990134564298e-01
3.514304361218091310e-01
3.355873816511542596e-01
3.546411767678807614e-01
3.025202426632813690e-01
3.545799910062012450e-01
3.437316563920480017e-01
3.410509038195473352e-01
3.683684388673924559e-01
3.692711831247478815e-01
3.355033573744088393e-01
3.693744676869963883e-01
3.456786458481312385e-01
3.540467892035399911e-01
3.088009755375138998e-01
3.571493896385531941e-01
3.515508091328740092e-01
3.243442817204221229e-01
3.548857703002838426e-01
3.648184278430762206e-01
3.453622627911992482e-01
3.597640052221152129e-01
3.335975401328469259e-01
3.495770498594985565e-01
3.245525546802703887e-01
3.474683663541112688e-01
3.179381564346306921e-01
3.320609778217628594e-01
3.471818791970683327e-01
3.540132402794344824e-01
3.218855575642368128e-01
3.095819328601425169e-01
3.128919817195763842e-01
3.259586613239898178e-01
3.251527276166330527e-01
3.648487197073005395e-01
3.366717090533291601e-01
3.384238087715773502e-01
3.070360995609967003e-01
3.617202673926985801e-01
3.482234288219951401e-01
3.780865429846682058e-01
3.738397057930252787e-01
3.628345080199155692e-01
3.394519008322354758e-01
3.350085833538180569e-01
3.394135384117792920e-01
3.414301982988982020e-01
3.151899759049763827e-01
3.546144734863247994e-01
3.688435422413458009e-01
3.229139665624286004e-01
3.577610972241468401e-01
3.227308157087861451e-01
3.496529332112737198e-01
3.576000699288272577e-01
3.322334406700988563e-01
3.555646272442579692e-01
3.285539032163657391e-01
3.512162648925107322e-01
3.201685117110456003e-01
3.349965578526415411e-01
3.788005391698066604e-01
3.555998760079055465e-01
2.944243320480729453e-01
3.065179762862940138e-01
3.106988825914155927e-01
3.560958577429885197e-01
1.474298465201717034e+00
1.009585645044069717e-03
2.496487227650224794e-01
