5.090747878586200370e-01
5.200678941005910660e-01
5.202195761535229890e-01
5.078939996379471244e-01
4.989351652895681055e-01
5.236696751988932919e-01
5.474724396222923062e-01
5.037948128519441626e-01
4.912559384435645771e-01
5.192958769996963708e-01
4.990334472143844735e-01
5.126714648111879713e-01
5.093344893611650992e-01
5.218609412507326795e-01
5.043362605602192961e-01
5.196124719575192508e-01
5.330733976148762654e-01
5.020275129685430882e-01
5.186455075219725819e-01
5.075495565064478409e-01
5.070913023721388413e-01
4.965260588503327410e-01
4.674415940516438717e-01
4.942565210827380984e-01
4.991485632926650484e-01
5.577519176286561686e-01
4.954124405530956343e-01
4.814145660907107604e-01
5.411959724598193189e-01
5.324310974424143472e-01
4.983297902552099035e-01
5.019553183918336048e-01
5.049720210200888681e-01
5.142961178618754570e-01
5.126285939283703463e-01
5.002152899295998489e-01
5.430215557416220307e-01
5.183387579685241331e-01
4.969429500620700102e-01
5.282077876529999161e-01
5.260670176463507763e-01
5.392212067721178226e-01
5.100147564650598930e-01
5.251492863049246340e-01
5.237772216336589182e-01
5.271783872125700432e-01
5.139799381662298883e-01
5.446287484652794220e-01
5.090392637849886492e-01
4.821604255818516260e-01
5.083293604965434254e-01
5.061424244572274578e-01
5.193965711932232443e-01
5.109726375514559438e-01
5.310950556205885631e-01
5.125171449161596282e-01
4.718270612153299126e-01
5.086408524465362291e-01
5.073535282931675994e-01
5.104024201271233352e-01
4.935328036896449166e-01
5.614925607511008776e-01
5.217337597766187329e-01
5.148511620667091115e-01
5.049673018349247755e-01
5.046085105462599918e-01
4.978614354181187251e-01
5.447806813257642933e-01
3.388913435616868197e-01
3.554726453072499792e-01
3.286531303890153910e-01
3.365641031719617815e-01
3.048873289724325364e-01
3.526682666372600861e-01
3.217550079143092212e-01
3.240241616353748411e-01
3.363501141300644925e-01
3.503465682254042202e-01
3.394140789592913765e-01
3.623382117195992902e-01
3.422605203474614055e-01
3.503825358868128403e-01
3.276792244513168639e-01
3.597620514919207535e-01
3.444320589159047263e-01
3.270312527581664130e-01
3.648873656055369175e-01
3.559153859697188893e-01
3.463782117679319872e-01
3.420997464153346934e-01
3.433454045835318547e-01
3.431911885043513744e-01
3.290118614844202427e-01
3.348182594029933123e-01
3.191062288283935677e-01
3.362363520262777183e-01
3.484316673084995042e-01
3.208135370904412476e-01
3.040077151405723432e-01
3.019380278004202833e-01
3.315566784585665672e-01
3.502378888287208669e-01
3.429740313666391760e-01
3.408856284601337605e-01
3.378362724396145045e-01
3.602838785020661683e-01
2.962147714237241547e-01
3.416431091828595057e-01
3.314736655247599306e-01
3.428052141796317787e-01
3.448649746250418979e-01
3.499236825849227350e-01
3.564784976892605428e-01
3.688518277995038175e-01
3.524865459374812438e-01
3.517389175278257674e-01
3.430925294626100963e-01
3.674611782121887660e-01
3.466620891504135771e-01
3.310279760942637650e-01
3.560365594146861490e-01
3.364763359976629675e-01
3.437949021244218195e-01
3.482792730437492823e-01
3.497983349846345291e-01
3.429972879979825695e-01
3.369727382511454872e-01
3.451766432085691672e-01
3.201439176575787693e-01
3.257354757352005081e-01
3.407893352600633308e-01
3.425611986144343479e-01
3.227121089325963310e-01
3.199961129679156913e-01
3.229314425264069865e-01
3.298665471398165017e-01
1.467466841919214948e+00
9.910483137834996334e-04
3.505176268881246004e-01
