5.162676391878598947e-01
5.063146997155285600e-01
5.375859686935655635e-01
5.546186063586538983e-01
4.853880129637738183e-01
5.535982493599551635e-01
5.870389668063599187e-01
5.520372267311925985e-01
4.965092879890111721e-01
5.267390765907793426e-01
5.032459667800333047e-01
5.497485852291814634e-01
5.231322692091754378e-01
5.594401657535079675e-01
5.128154618248834673e-01
5.184693228055823333e-01
5.492985689264385796e-01
4.993006983796893783e-01
5.024480441894002558e-01
4.758565796821698779e-01
5.161241765491596523e-01
4.876362233364954224e-01
5.691304417939005988e-01
5.829018906670709876e-01
5.131919965063577171e-01
5.499231444909229438e-01
5.176379545965232865e-01
5.931834164647037388e-01
5.793531756416454570e-01
5.984048191937663130e-01
5.209307784620730297e-01
5.003655474372821210e-01
5.126981913215128417e-01
5.385584968944298057e-01
5.495426901380671136e-01
4.948727796982739235e-01
5.441205874943715326e-01
5.424976201146850530e-01
4.951942197995462536e-01
5.221246878162176808e-01
5.683000621245303252e-01
5.452626515949793307e-01
5.303321389714024114e-01
5.341814911000882793e-01
5.086737375823491281e-01
5.398321931694983755e-01
4.871266859484374434e-01
5.784699106344622921e-01
4.956272077144484589e-01
5.217598639164557905e-01
4.799269902952080780e-01
5.018789566008809988e-01
5.382645077938730260e-01
5.737223751833612218e-01
5.373137174874561550e-01
5.187376818482185570e-01
5.451428618769933454e-01
6.686769276873985035e-01
5.104658592413001683e-01
5.492473517313741782e-01
5.213650565552916394e-01
5.817932912481545982e-01
5.751489661817000831e-01
5.673224229811718589e-01
4.967210339660459995e-01
5.088204509019524924e-01
4.802997379773801812e-01
5.634298544118804264e-01
3.803895021467874615e-01
3.434904970269589963e-01
3.409240303173456943e-01
3.604184957031144054e-01
3.142097659080126948e-01
3.684699347028951300e-01
3.337521634997243636e-01
3.539055160749286499e-01
3.641176935449956797e-01
3.684280127063090382e-01
3.194078881272400250e-01
3.628044655596172618e-01
3.248907070823882637e-01
3.441650083776798263e-01
3.451078629630287553e-01
3.551667126441457878e-01
3.576250986842678947e-01
3.133823589131292664e-01
3.480518525395471796e-01
3.798519811778075517e-01
3.371625825255368247e-01
3.736633525716346327e-01
3.301246580491194460e-01
3.421034668466207962e-01
3.106327791763632828e-01
3.440868708422978872e-01
3.167497893276841614e-01
3.282217916915647349e-01
3.542913185622220684e-01
3.421474687942289705e-01
3.100875395781650945e-01
3.082333355096960048e-01
3.548896493141985298e-01
3.349993845253662617e-01
3.911454379169528872e-01
3.480464377756505856e-01
3.453679102997176953e-01
3.790661385470643352e-01
3.248484354814860642e-01
3.800087033399108805e-01
3.284786962111742592e-01
3.587562217055974556e-01
3.591369292656396706e-01
3.697772486457119867e-01
3.429314127860276784e-01
3.706670600776965085e-01
3.187245655302327063e-01
3.603358453228122094e-01
3.749628426147811333e-01
3.502263815296103311e-01
3.482011066911465114e-01
3.334437129584975068e-01
3.376365475865883425e-01
3.692684253507945713e-01
3.509558869575017392e-01
3.513445201261392592e-01
3.299620561443626365e-01
3.202599865661758249e-01
3.141121571255297007e-01
3.456915114659719346e-01
3.179759498867133494e-01
3.290179613890408250e-01
3.619416347163563752e-01
3.449290898196903932e-01
3.334944187072023114e-01
3.326358091557731211e-01
3.351477949885148244e-01
3.329904997397631905e-01
1.547450755204804240e+00
9.823331598015293785e-04
3.335830703987056056e-01
