4.999889894816539893e-01
5.029954900728539346e-01
5.365796516004767147e-01
5.081627796315346668e-01
4.935654498049034111e-01
5.046004419052553258e-01
5.531085008862820507e-01
5.054777969449149033e-01
5.018894815482529692e-01
5.171303047240088935e-01
5.008982302279416654e-01
5.009029451328160798e-01
4.903314802321935839e-01
5.190284798427536872e-01
4.957819349500897088e-01
5.192240969936230410e-01
5.238715031256007126e-01
4.989185051180960451e-01
5.055074663057163020e-01
5.026496871750949502e-01
5.202626535038299416e-01
5.051295658702059654e-01
4.512129548770814624e-01
4.572312640995712107e-01
5.018444380166793284e-01
5.453563584305981538e-01
4.717443048555710061e-01
4.384764585724764685e-01
5.145438988287005522e-01
5.446312729451948664e-01
4.977435486480747406e-01
5.022134503519144477e-01
4.956153413557876641e-01
5.163779195305761016e-01
5.017385001884824280e-01
4.969822866152276974e-01
5.422470833723963546e-01
4.991070398648325135e-01
4.984737900526013399e-01
5.057662202492244630e-01
5.511025963233266989e-01
5.028548198810919301e-01
5.060232513247491237e-01
5.176119074928443586e-01
5.043713277524847216e-01
5.043936067738462592e-01
5.075146351251742516e-01
5.122909196624723105e-01
5.028666485865396218e-01
5.222225813068042122e-01
4.952441381197147940e-01
5.032486355503912323e-01
4.948172363794563489e-01
5.069653775726195022e-01
5.501504552095523026e-01
5.055884893329513075e-01
4.426235321939727130e-01
4.509237850505977696e-01
4.991009897586043964e-01
5.292347493023634719e-01
4.712528361079676431e-01
4.440812231124841580e-01
5.021840924656321148e-01
5.278319753491589328e-01
5.031139343840270728e-01
4.950214123340647698e-01
5.006119226938625655e-01
5.225458055696747817e-01
3.284249362248587434e-01
3.146602976650239580e-01
3.389672574882991452e-01
3.490174624539914006e-01
2.904270817270057647e-01
3.378240677855762208e-01
3.500526798094816816e-01
3.394765305981153891e-01
3.189845361593358630e-01
3.620713082248296910e-01
3.183326060994046691e-01
3.281073594463281839e-01
3.117079273047662080e-01
3.523081802767757953e-01
3.053571992368619981e-01
3.505348012358588949e-01
3.497295342916184047e-01
3.075548390019752776e-01
3.326696135860131021e-01
3.235469203113196524e-01
3.234834838392277589e-01
3.233678819644033031e-01
3.411136523945947352e-01
3.247509490027215562e-01
3.076787336297370223e-01
3.513187694411187278e-01
3.229281884011569459e-01
3.283551022440810430e-01
3.635831428165651191e-01
3.561254570804949782e-01
2.997827258505547099e-01
3.053283032906406458e-01
3.058248955027543237e-01
3.631621184621310339e-01
3.199782764066090301e-01
3.073261533577476001e-01
3.380795040518568273e-01
3.455029794942239274e-01
3.025671792686197570e-01
3.414843324405278935e-01
3.345891057575509087e-01
3.396187647111785779e-01
3.226449996399158304e-01
3.670978436179347382e-01
3.136810226901007304e-01
3.399803982858351503e-01
3.100111737963377467e-01
3.425019931759206160e-01
3.074383858435380534e-01
3.478381937444032235e-01
3.385626455694459302e-01
3.061635634979316678e-01
3.220577211999247069e-01
3.265889749945053988e-01
3.398598456078268937e-01
3.309928151117707551e-01
3.351272499344454259e-01
3.252420376403882263e-01
3.069841021187890706e-01
3.465107756143104289e-01
3.241194626343069651e-01
3.316604297999814488e-01
3.390766005114394521e-01
3.586400935097592835e-01
3.046511628036069341e-01
3.070589995997732302e-01
3.045640669066516093e-01
3.645809748647552695e-01
1.593223736328972295e+00
1.014464899984867958e-03
3.211754468984733824e-01
