5.062501424164245201e-01
5.076893618455604607e-01
5.353028714859785486e-01
5.224072452034668190e-01
4.956117835811802430e-01
5.201879014544806834e-01
5.144438481037990618e-01
5.378051912943911939e-01
5.156475664113596702e-01
5.300068111878494248e-01
5.024537178946636429e-01
5.203599837878545298e-01
5.005925292635718948e-01
5.440066409872565956e-01
4.993844891643359762e-01
5.136512878794301518e-01
5.482407885368369982e-01
4.951162261453353475e-01
5.136063732386653147e-01
5.130749633918857411e-01
5.103680909404189059e-01
5.153821166503306239e-01
5.378054614933939215e-01
5.164319392388974084e-01
5.024232766920467830e-01
5.372728268699757948e-01
5.042663085599902173e-01
5.128125168546249224e-01
5.282306312452224040e-01
5.270807610404386612e-01
5.002377577682806109e-01
5.015122175312566322e-01
4.908074260221877982e-01
5.223196194258273861e-01
5.004860812999054609e-01
5.224986722957345453e-01
5.350852044702348875e-01
5.114394092273937265e-01
4.995610562372313490e-01
5.213391533983865456e-01
5.176722378819187398e-01
5.149099450847184345e-01
5.262442777700754304e-01
5.219836229715069109e-01
5.050307372337222711e-01
5.014622892578481927e-01
5.022441144042041339e-01
5.480569057538544619e-01
5.017771152509966637e-01
4.983299181607335204e-01
5.260645289861247687e-01
5.007194829720824636e-01
5.079568642488949681e-01
5.033770688505464497e-01
4.906252970439984873e-01
5.209407695561727447e-01
5.231892536640215807e-01
5.825727032295334729e-01
5.090774930547544708e-01
5.246110940180449544e-01
4.954098417012762212e-01
4.931574446402212653e-01
5.248855016146001251e-01
5.033310682231213473e-01
4.929267236948243758e-01
4.981227157040971631e-01
5.004134735152614422e-01
5.154729225419395489e-01
3.350964251098641489e-01
3.280387457482753510e-01
3.305295574954282278e-01
3.411059629272550908e-01
2.979830432939311047e-01
3.538388112405447261e-01
3.359393843067721153e-01
3.350673176497297456e-01
3.628999756821299494e-01
3.347346674537089450e-01
3.296841794506585877e-01
3.746599425606005895e-01
3.355543088378663552e-01
3.405120459982047265e-01
3.097933791854881602e-01
3.322904435474741125e-01
3.576597444989417229e-01
3.224651937154247583e-01
3.537639765724803764e-01
3.646011320568891545e-01
3.400237740192508240e-01
3.775295286617121882e-01
3.326259792968405127e-01
3.498034599955825441e-01
3.156508456379280014e-01
3.358271004128332571e-01
3.160172399355017925e-01
3.342251491695900079e-01
3.707660027600113151e-01
3.449859910721539413e-01
3.137667187891766130e-01
3.047824386429835442e-01
3.141319382520804115e-01
3.487154528470576276e-01
3.272027047609802342e-01
3.587800214430630352e-01
3.375536023236442862e-01
3.314610096887082302e-01
3.042804911708739679e-01
3.603221463763688348e-01
3.386534802880492023e-01
3.575823767715767820e-01
3.611297936750665905e-01
3.279147890268909737e-01
3.381367801988299227e-01
3.222522904160842749e-01
3.321614403175683350e-01
3.445312783184319994e-01
3.114812034623837267e-01
3.234292477492167195e-01
3.749001746082258335e-01
3.196755947690043675e-01
3.511479818590809709e-01
3.236610785946549829e-01
3.430703031721598073e-01
3.455852454998054601e-01
3.386094774798087403e-01
3.329571098764628756e-01
3.152576469997228070e-01
3.377389678458063149e-01
3.166639465455405311e-01
3.358845120272427320e-01
3.724728738609889289e-01
3.450208438833191615e-01
3.005444965331721119e-01
2.985347111885010007e-01
3.081886183267449897e-01
3.418937071591502952e-01
1.602787008051708151e+00
9.992969531873608507e-04
2.991201511429444349e-01
