5.336960379440843782e-01
5.175165945396692502e-01
5.016083660083865414e-01
5.302407399183945991e-01
4.974513098384049647e-01
5.709534237775838461e-01
6.010062872520534061e-01
6.699146753060960524e-01
5.700675337864883341e-01
5.544466756156624099e-01
5.159516882705408314e-01
5.132301141824112678e-01
4.942997201542317920e-01
6.187356403014788730e-01
4.941200243233261347e-01
6.163300739355475066e-01
5.962445525917873246e-01
5.014028632735988422e-01
5.407430105571657819e-01
4.999794485639236230e-01
6.164460980644360655e-01
5.802930891034635552e-01
5.659688449257168630e-01
5.924299785494656634e-01
5.078983944094118685e-01
6.270327003104966268e-01
4.868289478087026723e-01
5.893066865113901764e-01
5.937152118336952444e-01
5.983643651756004322e-01
4.985466629081181100e-01
5.034275386973938726e-01
5.105525507876697011e-01
4.983013709724270490e-01
5.473494424596148100e-01
5.743947086944776181e-01
5.274217462630762521e-01
5.915407994169774586e-01
4.972790114012167195e-01
6.061283557350871654e-01
5.462998869159857440e-01
6.216685307429098417e-01
6.027717713746943984e-01
6.237893847886251120e-01
5.600065147526847031e-01
5.588674620389734171e-01
5.326618888799494744e-01
6.445605837736074761e-01
5.531257338240122001e-01
5.885188446394904460e-01
6.175045176447944151e-01
5.242119759988884686e-01
6.164414976403561619e-01
5.707436613940325421e-01
5.844500534043503004e-01
6.071923138365086237e-01
6.324820114089396705e-01
6.024038947981275038e-01
5.274223438816533216e-01
6.476909801390260402e-01
5.084924221826890856e-01
5.735845534692215475e-01
6.326825717229198620e-01
6.249520743764469533e-01
5.558931182553460415e-01
5.386476381393554558e-01
5.246565473002058333e-01
7.070458739349353428e-01
3.502355694479620252e-01
3.726723556558585448e-01
3.385585372453394637e-01
3.546328497241530986e-01
2.959115168280805341e-01
3.804566544470209255e-01
3.407395186615736482e-01
3.411253596389217102e-01
3.673486112465297326e-01
3.410283203028484089e-01
3.830151026719907925e-01
3.534594765180353870e-01
3.096162599344857713e-01
3.403661340936523505e-01
2.944537452203202510e-01
3.403996770708201391e-01
3.522833960776936002e-01
3.545405904547585529e-01
3.876949247591659486e-01
3.428406753011523089e-01
3.395077056719760789e-01
3.585662458429697552e-01
3.258072367410079218e-01
3.304497136523227296e-01
3.097557988853963384e-01
3.358333650132213077e-01
3.388786686577504037e-01
3.233004926676281143e-01
3.393662271694317112e-01
3.303448979988788392e-01
3.389892722851346463e-01
3.374777241938364258e-01
3.527425007368001908e-01
3.238256823759265712e-01
3.432797305652696696e-01
3.575475615120983219e-01
3.506839170931539962e-01
3.604146576234364407e-01
3.273439627894133008e-01
3.628056181275513548e-01
3.408498731178977725e-01
3.558332143902226408e-01
3.547674556472616425e-01
3.366484528002380849e-01
3.468740654059235817e-01
3.540569268647468792e-01
3.626676069099015742e-01
3.350549306628655688e-01
3.549924426502342190e-01
3.350014002677436653e-01
3.543161376049733802e-01
3.569495104708791944e-01
3.535890890067845960e-01
3.764352273917409564e-01
3.400131346901847929e-01
3.540325540259382509e-01
3.128569689338036586e-01
3.298848450717667968e-01
3.566180068826518279e-01
3.282716947212280245e-01
2.954573539128697579e-01
3.210058274985614357e-01
3.527333778652144702e-01
3.413469393374692351e-01
3.591109990667660790e-01
3.457936364348521141e-01
3.653251306316438463e-01
3.359752181882559863e-01
1.471308598146996882e+00
9.783417293960346497e-04
2.622131225769034346e-01
