5.172108628009642883e-01
5.140566080175871244e-01
5.356092545840935859e-01
4.534135366504050690e-01
4.954028351542172914e-01
5.243932948688636575e-01
5.875225022025101218e-01
5.182625639016847918e-01
5.227158589566763824e-01
5.051157384089520752e-01
4.819487995334304498e-01
5.159139526641920437e-01
5.035647788826745908e-01
5.497346410495185243e-01
4.935092255601030153e-01
5.067385802301765940e-01
5.385597367333603280e-01
5.092019739110632548e-01
5.383739396750583106e-01
5.213451891787695969e-01
5.613117406054562997e-01
5.078971780614370823e-01
4.797307550719899782e-01
5.118768704908513989e-01
4.852883187552556876e-01
5.369029980181879713e-01
4.619902499123071937e-01
5.340123957181274195e-01
5.327131110417360205e-01
5.695098661888220448e-01
5.134264582743135463e-01
4.990823213329881325e-01
5.147971110766428326e-01
5.163423182276174472e-01
5.095464482297444864e-01
5.195849603861176780e-01
5.333825414173681834e-01
5.025308690737855244e-01
4.955051185585435114e-01
5.130322693339059992e-01
4.943940473763618892e-01
5.247177441488356520e-01
5.071565642085268388e-01
5.109915428751342636e-01
4.886311588853820553e-01
5.050583626878409893e-01
5.209389937780163349e-01
5.150807702011095390e-01
5.051950213113244326e-01
4.963814157614810929e-01
5.031925943232871123e-01
5.159823068388159628e-01
4.951914756082592683e-01
5.239796339254335633e-01
5.093021614870573144e-01
4.983542090841583949e-01
4.742821859847374810e-01
4.861936022832730186e-01
5.020075265348727944e-01
5.346814098276829741e-01
4.579808589409419262e-01
5.023535246804720078e-01
5.183880503345439372e-01
5.048595076844907270e-01
5.208494862220733879e-01
5.046381555506606054e-01
4.992327387568601949e-01
5.225251981441899618e-01
3.298430803274033374e-01
3.440626886518599048e-01
3.331730292131386828e-01
3.254148220033285521e-01
3.038883914648383144e-01
3.561403010675578407e-01
3.254638429807610867e-01
3.364489983614751822e-01
3.480912125490769893e-01
3.535534835234558915e-01
3.377454865075199542e-01
3.326496495908313755e-01
3.204815863723413094e-01
3.364010145090540194e-01
3.088713554152411334e-01
3.478667744410083307e-01
3.471220619906892346e-01
3.272644208981669856e-01
3.403475190606886081e-01
3.609517887834763350e-01
3.457966421272162250e-01
3.368843898616389887e-01
3.418762543553208189e-01
3.443625427270947670e-01
3.160698785239330344e-01
3.435278019584578346e-01
3.202545212053283241e-01
3.426507304420921551e-01
3.405574702165760637e-01
3.551376052352496204e-01
3.041551326598314620e-01
3.061535746972220973e-01
3.155574808175226620e-01
3.351116231256013323e-01
3.470924964720532579e-01
3.482889619208617282e-01
3.401291328816116732e-01
3.468779320745314920e-01
3.077415973184994269e-01
3.590257764866912615e-01
3.352845167176983776e-01
3.500862654519931172e-01
3.297269717204810435e-01
3.488900383748788636e-01
3.422043085279237173e-01
3.429295611626981821e-01
3.350769458751945984e-01
3.442963165507517687e-01
3.107138350032007668e-01
3.409799117770806465e-01
3.307390897913101702e-01
3.270079303055077324e-01
3.637230960061857976e-01
3.374230650918703112e-01
3.457236664068449317e-01
3.242418835686422529e-01
3.473014736452614826e-01
3.496751454527494696e-01
3.093951532653756442e-01
3.382394987672278641e-01
3.220624198563267204e-01
3.450566422561684443e-01
3.614456348122720430e-01
3.470970477652057795e-01
3.062591527109075340e-01
3.141789458176945660e-01
3.117499746874364264e-01
3.498978914436517429e-01
1.653714327622126001e+00
1.035592907474362908e-03
3.655310838871259072e-01
