7.283965197826719473e-01
5.181680867434972360e-01
4.785401345076378266e-01
8.186821691265669942e-01
4.946243888224224339e-01
5.181793820394545724e-01
4.902227370494740000e-01
4.858468578805091309e-01
4.872636646468915811e-01
7.524464369222777504e-01
5.207272395473889759e-01
7.820129573831913206e-01
5.070357896378216989e-01
5.496760550831214509e-01
4.873448830972259560e-01
7.764199184893406658e-01
6.879963527783850008e-01
5.453374160614821164e-01
7.711869773615210866e-01
8.078851141781668854e-01
6.862200477078439498e-01
5.171012596950824713e-01
5.538231813663835323e-01
5.119399374723927476e-01
4.912097101636785368e-01
7.392724295509098820e-01
4.917689036144534120e-01
6.503628735471763678e-01
6.560402216379279672e-01
5.725498225974843258e-01
4.793727375407627056e-01
5.181805300819274374e-01
6.155293317986587631e-01
4.913508915221743156e-01
8.032838135300380822e-01
5.095755774599128873e-01
5.100950599385125628e-01
7.899643704712934200e-01
5.223055731227793652e-01
5.359255380606718910e-01
4.846212149157919091e-01
5.156270554793422889e-01
4.841609743286365286e-01
7.671773672506271291e-01
5.153397130417101124e-01
7.835989603414308391e-01
5.144752400766965383e-01
4.841518506235660269e-01
5.155269671281870192e-01
7.253995992397413994e-01
7.815840939214643290e-01
5.007228929179198262e-01
7.766762978152670360e-01
7.685446455291126133e-01
7.653562644327291942e-01
5.166707824743276278e-01
5.938868505323315894e-01
5.083715392792784726e-01
4.893700042123639848e-01
5.345452938104596763e-01
5.237629257558036322e-01
6.672045991201682735e-01
6.076306465545487923e-01
5.809502731908082751e-01
4.904709737477546683e-01
4.893299655213692034e-01
6.190540061487426193e-01
4.828627888746818697e-01
3.423405541406639996e-01
3.628422347178100194e-01
2.598446656385954845e-01
3.321567366578476177e-01
2.793095152077244570e-01
3.626363199584479169e-01
1.950902677155304243e-01
3.702101108461994250e-01
2.439879967126552529e-01
3.297994836718202705e-01
3.580670524885284367e-01
3.362728203313086195e-01
2.678128448967469488e-01
3.034382267811933098e-01
2.880068479841270679e-01
3.343426772842211236e-01
3.382464100388739570e-01
3.574483509679232118e-01
3.362819616688939584e-01
3.340771848696602042e-01
3.309771961250699279e-01
3.019607656204093549e-01
3.336398602188175300e-01
1.985905146862575743e-01
3.839816479344340672e-01
3.327237038763269372e-01
2.805303329233452825e-01
3.276841226000897223e-01
3.402726229503329480e-01
3.736039451019202429e-01
3.096816648028420937e-01
2.715557003238651679e-01
3.551964718031859758e-01
3.407766079767313161e-01
3.385610018694391599e-01
3.722645091299606190e-01
2.712282217222056757e-01
3.344180376988620806e-01
2.871471766656079616e-01
3.603698649166743317e-01
1.892488143739520234e-01
3.717647724666836573e-01
2.460238288772736981e-01
3.311745352041334800e-01
3.002814692326447599e-01
3.350259354354511165e-01
2.886069737995269890e-01
3.098306549660943543e-01
3.214329565437132330e-01
3.357174488890207753e-01
3.365567582114223910e-01
3.311731786665768618e-01
3.378897210435905518e-01
3.361780513166990336e-01
3.273063227257848040e-01
2.767765323613075035e-01
3.323352877943135941e-01
2.105310656095598087e-01
3.750268135823979221e-01
3.276583179503365084e-01
2.731130152861878657e-01
3.268691804655801669e-01
3.539508608480720908e-01
3.527244466945023693e-01
2.821916094364387284e-01
2.606710247863982532e-01
3.564611082495107164e-01
3.502373909892385617e-01
1.735410038880969008e+00
8.103022746936834305e-04
4.973287666039993837e-01
