5.310828830170870596e-01
5.229708558076556768e-01
5.504708324540394937e-01
5.091570542187600079e-01
5.068559535043885012e-01
5.108267680049479731e-01
5.044527705458015099e-01
5.011483956199593859e-01
5.069255560960697071e-01
5.237046383483381362e-01
5.033269386971731540e-01
5.394490926382984330e-01
5.218682770536935411e-01
5.159914687224707031e-01
5.098751886365269215e-01
5.473759265683570963e-01
5.320059145252875599e-01
5.051124658268731915e-01
5.088767147989203821e-01
5.280621595372504418e-01
5.118253756514248298e-01
5.189896071485105011e-01
5.327000261522265578e-01
4.898233401546376320e-01
5.098730555832264866e-01
5.781121129097088751e-01
5.228591914796217877e-01
5.113945392565317771e-01
5.122027652325649161e-01
5.372424454745320377e-01
5.035371544365172536e-01
5.076049193436982243e-01
5.154369395092277539e-01
5.200599621175929776e-01
5.207213692059172727e-01
5.197273107528183056e-01
5.496781090409087467e-01
5.104612068222277310e-01
4.986205971302528073e-01
5.384368599177556947e-01
5.681368440194859426e-01
5.540207472841189862e-01
5.168172736750896723e-01
5.405240690737678211e-01
5.474209065852441158e-01
5.479807432324708127e-01
5.195466018260521679e-01
5.676007880198007394e-01
5.125550824079179169e-01
5.307468071598494541e-01
5.318476561489150489e-01
5.046588438742514171e-01
5.154573437963789750e-01
5.364399833564974518e-01
5.211277695537155363e-01
5.232947477396873159e-01
5.505326591049340967e-01
4.811190117719174042e-01
5.077230348999118847e-01
5.792829701888039251e-01
5.152352951735239550e-01
5.387865999799885675e-01
5.266408813046981052e-01
5.371995640001298034e-01
5.186362635690009437e-01
4.997063192196615211e-01
5.195641820587678650e-01
5.457228726011946751e-01
3.655871796094989912e-01
3.617795017082638953e-01
3.345806450471018323e-01
3.613386350707901706e-01
3.113385102643575486e-01
3.480883129540270904e-01
3.348122084315658387e-01
3.518430570076373498e-01
3.513636109621416370e-01
3.611740424948008954e-01
3.435945145899044761e-01
3.714531314154440045e-01
3.668981673023736789e-01
3.484433349500144494e-01
3.447599193184849864e-01
3.587618134925300573e-01
3.493354959519645586e-01
3.448070259959479800e-01
3.543510293447768023e-01
3.631562174100012030e-01
3.430844782562143536e-01
3.570191843891624139e-01
3.383604911320522435e-01
3.469924885391593716e-01
3.563752625476742097e-01
3.456949634492113010e-01
3.168122091051024936e-01
3.412059261439766567e-01
3.617436429823824295e-01
3.581371262058900551e-01
3.494553609829112450e-01
3.369909012881716626e-01
3.574536704309667079e-01
3.626414331601716667e-01
3.558543328067945155e-01
3.614839139826541148e-01
3.382327274164926845e-01
3.585622429666091016e-01
3.075286464453036439e-01
3.523841010077101155e-01
3.284733737846942669e-01
3.400941275190194069e-01
3.470318312824253737e-01
3.543590044353990276e-01
3.614401750943371794e-01
3.467315207690444545e-01
3.547029692877583518e-01
3.425981065942493298e-01
3.226763914399523037e-01
3.532541478296553072e-01
3.615807816004144026e-01
3.100614048727789451e-01
3.624793471873760664e-01
3.592510976468202832e-01
3.445903297252732034e-01
3.565032617771916601e-01
3.453204832599739427e-01
3.407619715161186447e-01
3.627556291624811635e-01
3.398015642042903628e-01
3.168289390012454243e-01
3.332418074866799751e-01
3.530485585251748604e-01
3.537636212228957300e-01
3.593356894411601776e-01
3.015692766595463037e-01
3.519395014614208894e-01
3.467564661316808183e-01
1.503729143228126564e+00
1.032846648718814802e-03
3.000197370184653489e-01
