5.143895040922090711e-01
4.967867861738408108e-01
5.391143191059790674e-01
5.271853865450120136e-01
5.025690823016532027e-01
5.253652338838779023e-01
5.727054755088740734e-01
5.357477038076530196e-01
5.192687620372710144e-01
5.108843318202095363e-01
5.006318183428702939e-01
5.188137874766373114e-01
5.050568387122438274e-01
5.305694797102092908e-01
4.980209488221820635e-01
5.081002958568048289e-01
5.320747101639172749e-01
5.001841767177124254e-01
5.206897537232713091e-01
5.133730622794898668e-01
5.207041453022688282e-01
5.036500317694756479e-01
4.885347062588251688e-01
5.104664136045274914e-01
4.984969196824872162e-01
5.498793533191278504e-01
4.899851452922582840e-01
4.856732707395340354e-01
5.311032120691897562e-01
5.259699200233237670e-01
5.071783536853732288e-01
5.049511241731808875e-01
5.000748440430181629e-01
5.119415772853171953e-01
5.096541909516367763e-01
5.097959910247638060e-01
5.368539328848749292e-01
5.120322514666383329e-01
5.016353817266407944e-01
5.213316064093185265e-01
5.737861184639009293e-01
5.195469184972455468e-01
4.983790926798444265e-01
5.223010206109798270e-01
5.110414735702909494e-01
5.103640534296753906e-01
4.975210801538199057e-01
5.308854029430710719e-01
5.038508294504788765e-01
5.066122577880686206e-01
5.081719704955099948e-01
5.043468437708893415e-01
5.127273441812801869e-01
5.049685779672887787e-01
5.333546072359771628e-01
5.036361214364392103e-01
4.886430386374100987e-01
4.827611884866904179e-01
5.047422547573902074e-01
5.402762883151968065e-01
4.980023459135233810e-01
4.873237532600957489e-01
5.155866472804246925e-01
5.401870848794896318e-01
4.977962751287866028e-01
5.022401240015353929e-01
5.031245384699881695e-01
5.082358074808536186e-01
3.444481076848884826e-01
3.155107393790476666e-01
3.387443384619830966e-01
3.685649170246006467e-01
3.002635334907984288e-01
3.650415338413036115e-01
3.408965273784176353e-01
3.543458105079410059e-01
3.456513994193786132e-01
3.245800906375694850e-01
3.403163995700429489e-01
3.577448928125573357e-01
3.243528779640124093e-01
3.442401838769413858e-01
3.128989653537598836e-01
3.524728702033635419e-01
3.468740663459732310e-01
3.349051175761760812e-01
3.658413029436880515e-01
3.534551420405567246e-01
3.379747827386659353e-01
3.644143909458997244e-01
3.506364152419549907e-01
3.618821500189721707e-01
3.095842570958486917e-01
3.476047640727135124e-01
3.203753769068029555e-01
3.279676074668548824e-01
3.668128817412458775e-01
3.393638602573760821e-01
3.048112151782796375e-01
2.994399791219596874e-01
3.251495221656473533e-01
3.472113894562674496e-01
3.456043814933191793e-01
3.462749343782845490e-01
3.441022078143375351e-01
3.789831832715730431e-01
2.958594139968500625e-01
3.590630227816282161e-01
3.435866767183060055e-01
3.485643896818861331e-01
3.544211996602213977e-01
3.486395642977159759e-01
3.325912913830431084e-01
3.394589363411934513e-01
3.253511079347830015e-01
3.355547093333517417e-01
3.220400313756806576e-01
3.487504655419118582e-01
3.590618529472489606e-01
3.272877073002362636e-01
3.578170950472137624e-01
3.261774644577254967e-01
3.488636663194533694e-01
3.725176720207984404e-01
3.478652491789663292e-01
3.512737518622821020e-01
3.090927008257193243e-01
3.460011175479250078e-01
3.243672255132946658e-01
3.246279907199302595e-01
3.471176999163709809e-01
3.591299788166475992e-01
3.044284936621465820e-01
2.987771755248088690e-01
3.167517105243629616e-01
3.391371741952810548e-01
1.624497138288262255e+00
1.010687741261338899e-03
3.104632134450146519e-01
