4.940680778078578861e-01
4.890775915413160813e-01
4.971256983095823090e-01
4.731680148815063380e-01
4.901987715444157678e-01
5.125940054659623435e-01
5.763924142687107954e-01
5.113710093496866005e-01
4.859513742438673067e-01
4.810185962342475863e-01
4.893008466028408998e-01
4.854621551382240496e-01
4.806394073720203219e-01
4.839505708750712620e-01
4.896310883589901075e-01
5.650188335677296392e-01
5.214196258916190541e-01
4.898908770223430187e-01
4.928145134693970308e-01
4.964892183247396340e-01
5.918147497990455808e-01
5.263564507126862191e-01
5.253597622921176713e-01
5.450167945669071035e-01
4.882774757927465514e-01
5.457503333554778457e-01
5.516484378945332168e-01
6.001773322090200313e-01
5.296124127285456451e-01
4.976311233519399302e-01
4.956214234197949819e-01
5.000841954939603262e-01
5.046158252819405998e-01
4.888582926876178236e-01
5.034661248891291185e-01
5.200283116642138159e-01
5.440271104482564679e-01
5.563623116078004749e-01
5.092805968199787259e-01
5.070877371580545523e-01
4.925468513461681019e-01
5.537073481549121823e-01
5.417476004378986021e-01
5.936210940136870118e-01
5.191415347151061566e-01
5.439958922606308311e-01
5.055597535610363291e-01
5.964933266514884647e-01
5.301873995759139868e-01
5.182923541373678500e-01
5.694834948870981517e-01
5.317648820596211356e-01
5.552702902127677476e-01
4.937439001796602445e-01
4.864117214156159497e-01
5.428179520760583188e-01
5.721435935032146425e-01
5.366058132372467648e-01
5.268065564542884216e-01
6.023494531706188315e-01
5.830996422639981303e-01
5.648416880558552178e-01
5.826394105543911683e-01
5.846107649033746023e-01
5.288734597043881491e-01
5.213152745561642210e-01
5.325804426872500219e-01
5.997500589043966990e-01
3.221633052824438015e-01
2.860367755815623192e-01
3.330286017281156030e-01
2.389755884932231456e-01
2.708052757361013030e-01
3.513462976752846356e-01
3.571096659336526202e-01
3.560598854464646634e-01
3.015943070725404240e-01
2.468436849873589245e-01
2.847612760889398076e-01
2.588329760028766358e-01
2.473935675942273149e-01
2.559724404714863177e-01
2.671190601227536598e-01
3.484645988519356474e-01
3.406569764184437243e-01
2.652654712559625039e-01
2.924093941398159813e-01
2.830238653084257150e-01
3.487516964150931265e-01
3.689511627982077213e-01
3.332325945301625181e-01
3.435006585261530798e-01
2.689605725624485411e-01
3.283114588674238554e-01
3.374043973236537375e-01
3.282736798333457107e-01
3.667885298834875907e-01
3.011363647319425518e-01
3.110000227577252030e-01
3.087132535113464304e-01
3.625153407388935767e-01
2.480814718263011920e-01
3.512324669486764361e-01
3.556306884491414744e-01
3.993961090534309810e-01
3.598399483634046603e-01
3.425774212876633862e-01
3.555082123013408868e-01
3.458997385136227676e-01
3.534078171988416228e-01
3.631428575569888850e-01
3.456762669534664822e-01
3.699134947499300163e-01
3.360700474417394612e-01
3.315936668248921082e-01
3.452853132242884593e-01
3.864681325300364789e-01
3.462417822893525399e-01
3.552619116824611845e-01
3.977221940786559995e-01
3.651626184039729051e-01
2.870955430365784711e-01
3.457043035852022106e-01
3.490982321471606808e-01
3.189023960835317695e-01
3.330421212711526802e-01
3.763050137978634635e-01
3.335747170459105182e-01
2.834038308957725349e-01
3.273974432589729644e-01
3.691866466668334845e-01
3.387628362350146860e-01
3.544614862166398095e-01
3.625013538214812980e-01
3.663899827608840809e-01
3.408458592444768009e-01
1.544310933492365034e+00
1.013261113467383602e-03
2.823068872280259378e-01
