5.132061632667079820e-01
4.936183523499598769e-01
5.027706898673199865e-01
4.985778722652528527e-01
5.024701636581506703e-01
5.132925762597166930e-01
5.091200022444360984e-01
5.416863258971768014e-01
5.165092930941312943e-01
5.281720300360588372e-01
5.040044267901198083e-01
5.111949501498809223e-01
4.977183742078485906e-01
5.445192885030950558e-01
5.009793830552712324e-01
5.131264401960471400e-01
5.103512996538125401e-01
5.017250702789135541e-01
4.991250098700933946e-01
5.079852888297097246e-01
5.175987245924013047e-01
5.177409948779414517e-01
4.726421503276410641e-01
4.770504051404618195e-01
5.013192227223453035e-01
5.133760406736599391e-01
4.932656268506696029e-01
4.672231697170577402e-01
5.221111798194076892e-01
5.326205820167372318e-01
4.917249650460939758e-01
5.018519168044381917e-01
4.995455231836038457e-01
4.991468825580646640e-01
4.999118832085646669e-01
5.035325457052129972e-01
5.211193912126295125e-01
5.007239891000265786e-01
4.983485339394924107e-01
5.160568254699717805e-01
5.392367696840175695e-01
5.208234642698996719e-01
5.087827758561741520e-01
5.197119914596018964e-01
5.035598241284061638e-01
4.912903978936420391e-01
5.028779501540368013e-01
5.287996984308972470e-01
4.990916125424525451e-01
5.211399085344688986e-01
5.075804450537718671e-01
4.969659856852019497e-01
5.074029454715807130e-01
5.207906676250317890e-01
5.035202435708728830e-01
5.014430549110441282e-01
4.774848302690248292e-01
4.890930784610515447e-01
5.010317593649115109e-01
5.260256130221420134e-01
5.059322338850013034e-01
4.776169393242727379e-01
5.231065776668857303e-01
5.148303574346504430e-01
4.844665000106216368e-01
5.014713484050968839e-01
5.153618048507700999e-01
4.979218618906826044e-01
3.468162668530244130e-01
3.119304313869579737e-01
3.404309395466969534e-01
3.437897290397353145e-01
2.988332958234453107e-01
3.428311496235179057e-01
3.345584551316666544e-01
3.463388701029411765e-01
3.443216176486568192e-01
3.385723898385036290e-01
3.281438672446054805e-01
3.551956736908789547e-01
3.172900036046226724e-01
3.355947839188517245e-01
3.108562718372123723e-01
3.587598833282482080e-01
3.458338981209411189e-01
3.282700180615260588e-01
3.573465300605248030e-01
3.472790585485947545e-01
3.429779511790992941e-01
3.595900070947360971e-01
3.451157747249459229e-01
3.411999060010422191e-01
3.081827286758298534e-01
3.449747862046291247e-01
3.204285363269258058e-01
3.386541115678172176e-01
3.522979429052159883e-01
3.492498572820247338e-01
3.013717000033207527e-01
3.025241562520211702e-01
3.195033043466544154e-01
3.266748085230484766e-01
3.423687317626032955e-01
3.376096553819970536e-01
3.291787320933997063e-01
3.416060438301827817e-01
2.990412932797880674e-01
3.484119825755233602e-01
3.427373420905722168e-01
3.459086650909492522e-01
3.336008154518246838e-01
3.313909335809983037e-01
3.250382422405009297e-01
3.514267116497135635e-01
3.205117548598171440e-01
3.347440893955389019e-01
3.174333525463746697e-01
3.521732711446874386e-01
3.547637538057316631e-01
3.204668160941507860e-01
3.455010979007975269e-01
3.443783287098377000e-01
3.460035823238767905e-01
3.440829788921360710e-01
3.491994701536880186e-01
3.527961435199451490e-01
3.056231696023640754e-01
3.492972630548637492e-01
3.220625339336974924e-01
3.375828343164808953e-01
3.550430063632644684e-01
3.468883055747740696e-01
3.005444533078189817e-01
2.933788386636666523e-01
3.167655043206744625e-01
3.190663786776482547e-01
1.595243693583836331e+00
1.011051123337012051e-03
2.851162148099704585e-01
