5.187659465258731561e-01
4.930263300918945601e-01
4.971970880547457727e-01
4.733598546802969542e-01
4.879054567286399968e-01
5.092065507170618899e-01
5.566303160175739562e-01
5.484840992834900675e-01
4.937640454158927494e-01
4.833847527402075350e-01
4.900410772661763503e-01
4.831926931112017765e-01
4.864975425019737454e-01
5.102221086180026566e-01
4.833565630441985506e-01
4.945623273128003650e-01
4.874465130203608498e-01
4.908451211049810747e-01
4.861479201590738208e-01
4.813702589149721489e-01
5.063234403404457407e-01
4.970538754505634538e-01
4.657464896355913431e-01
5.540036338487837053e-01
4.897844840951753875e-01
5.843962648284855010e-01
5.720880697194582476e-01
5.790093827411411098e-01
5.208881302981551720e-01
5.581020586243858883e-01
4.915556435334882401e-01
5.077163947383591669e-01
5.203431059486005594e-01
4.820868396362181785e-01
4.912581643652550456e-01
5.389055902359878303e-01
4.587511075299611774e-01
5.092107574485111865e-01
4.896826519929347588e-01
5.074650683792900629e-01
5.236674517707239351e-01
5.508874850516943811e-01
5.536433460383738403e-01
5.097646000177927794e-01
5.513666248773190226e-01
5.391560131827155544e-01
4.855035866639072495e-01
5.509484404566351579e-01
5.102563707806044846e-01
4.917749883341723249e-01
4.965207529522800423e-01
5.299960695213138395e-01
5.378027010322407042e-01
4.864860063535684787e-01
5.406515540069946057e-01
5.036590533087363930e-01
6.004301813329137039e-01
5.615440622705587526e-01
5.081698592042492857e-01
5.506562643248716915e-01
5.422546952685446398e-01
5.784012153119837407e-01
5.459140183094078891e-01
6.086931622591827962e-01
5.040955541632153869e-01
5.148939530016981569e-01
5.404933205113022776e-01
6.567495702999457396e-01
3.592367235246939350e-01
3.384406516466290649e-01
3.522237588086832294e-01
2.429410157372158818e-01
2.764996748475351818e-01
3.864116696648324800e-01
3.583531714784771172e-01
3.526883199468542895e-01
3.504518490396641428e-01
2.677741426455484963e-01
2.899989662041101424e-01
2.768997196980155229e-01
2.656215525181709891e-01
3.332533364869478265e-01
2.738598182160171812e-01
3.444871192423523132e-01
3.453470842175688782e-01
2.799772756734444368e-01
3.178604836188270721e-01
2.923758760440939852e-01
3.377510582963041408e-01
3.398294435148498938e-01
3.365018918986649177e-01
3.427743315367612342e-01
2.849139471980924876e-01
3.323593328368973920e-01
3.301330529215943388e-01
3.324083621368628116e-01
3.480792396531623978e-01
3.563132210468987204e-01
2.815256208876546484e-01
3.126713388238420710e-01
3.602073327045085538e-01
2.403236670295350319e-01
3.757081085074777116e-01
3.498673518155097084e-01
4.018365793886877757e-01
3.721996524267884854e-01
2.936920060816148870e-01
3.824930860965535806e-01
3.437425789779120500e-01
3.716887100423817425e-01
3.624772494022832636e-01
3.666935994983603342e-01
3.655468506369221604e-01
3.943357196818749744e-01
2.927010001744643208e-01
3.518034671741274710e-01
3.891537556623270167e-01
3.405410361357054105e-01
3.595788865852399541e-01
3.650186849993655724e-01
3.426670200481267692e-01
2.767136715248629253e-01
3.412786175673996336e-01
3.406078542990231273e-01
3.209947834686857626e-01
3.467264269925144360e-01
3.372524173398120939e-01
3.429488173979386434e-01
2.796051933177257087e-01
3.267031370299605664e-01
3.645047157969530938e-01
3.534414629924261808e-01
3.577158389785717874e-01
3.827940623926064379e-01
3.806985889501597886e-01
3.433196371739743458e-01
1.655208156713565693e+00
1.006843200339552777e-03
2.879422685239103052e-01
