5.131494192227297191e-01
4.962517247949579380e-01
4.929324423937707089e-01
4.967302782422460261e-01
4.974387058818204865e-01
5.262893731212849868e-01
5.624630981966265431e-01
5.334590362650571960e-01
4.956005378306208575e-01
4.960833756960739693e-01
4.987684378340456748e-01
4.954325049872930209e-01
4.965560397369999102e-01
5.087451766544174303e-01
4.976007388746007121e-01
4.990734401307937440e-01
5.053539910436694038e-01
4.989565550601563482e-01
4.964510838035656737e-01
5.022149987075862354e-01
5.311461786094154869e-01
5.186188471539426859e-01
5.074927596041711730e-01
6.077652021502909507e-01
4.966231214431515717e-01
5.152287309259833137e-01
5.043720458951107544e-01
6.116272516807149673e-01
5.642611339510217316e-01
5.569671167624722363e-01
5.016779203446427582e-01
4.992525128489450625e-01
5.057480769795908992e-01
4.954688278265584889e-01
5.030679288127908322e-01
5.165320593243413194e-01
5.093129375281544302e-01
5.310296202229005669e-01
5.091137691772588125e-01
5.257376655774587126e-01
6.142501235982364971e-01
5.573650358834694174e-01
5.209180861846578470e-01
5.292948788966667095e-01
5.293960425437145290e-01
5.246103051627755143e-01
5.100006398218704939e-01
5.625421680821450776e-01
5.097946592396692678e-01
5.145555593646765624e-01
5.096340065693515387e-01
5.192845970170775205e-01
5.158730106818827377e-01
5.003092177383191563e-01
5.348293903647945990e-01
5.383472146934291658e-01
5.195973521663401762e-01
5.965540268342343078e-01
5.088338654578054010e-01
5.196506687847941564e-01
5.233430722168184168e-01
6.439601414950800740e-01
5.403562800898165097e-01
5.958368294329462467e-01
5.123752496168194615e-01
5.141563573683333166e-01
5.117640172883419769e-01
5.466455213064957963e-01
3.396952640680686586e-01
3.028596190063886917e-01
3.414753014704809408e-01
3.401411271777542433e-01
2.971771169975142013e-01
3.564607892189379790e-01
3.343844621145648510e-01
3.450816669861400676e-01
3.148040746046253391e-01
3.154827316068790632e-01
3.018489575930659030e-01
2.909793246501110042e-01
2.943470614914029948e-01
3.385117710034891148e-01
2.974631759256942676e-01
3.336335996191722164e-01
3.352512164013193297e-01
3.024609968429206042e-01
3.009777356433527840e-01
3.202480769959270557e-01
3.410732330939098000e-01
3.583852662706919490e-01
3.378684257733782226e-01
3.301753015106908551e-01
2.942337691211777684e-01
3.405317503595489681e-01
3.234897780142811929e-01
3.245353583928678454e-01
3.422602858747880172e-01
3.412088064043088398e-01
3.211475524033439166e-01
3.030144866996949404e-01
3.376967322676252548e-01
2.909218860403540718e-01
3.407626737368870118e-01
3.449668839752573213e-01
3.438731657970233724e-01
3.722722516962568839e-01
3.432111362437265112e-01
3.623229192371780205e-01
3.247838420526734660e-01
3.408480612865816828e-01
3.472568944057888296e-01
3.539207220331763160e-01
3.495441280531155770e-01
3.425941574661238165e-01
3.297964275488404207e-01
3.365813702724088086e-01
3.508347431356387269e-01
3.434963331053862423e-01
3.364820331085096039e-01
3.492581113654195657e-01
3.421907994904924699e-01
3.251463514338963634e-01
3.418883718899909385e-01
3.647882402299604809e-01
3.415665658079881650e-01
3.305850964882688925e-01
3.291009510614532618e-01
3.422319526805430723e-01
3.045165787904318688e-01
3.255491776750464306e-01
3.510738088486231034e-01
3.427425386626020698e-01
3.378477841001499837e-01
3.434857409133443840e-01
3.372747265728326949e-01
3.348694877537621295e-01
1.503252693540746199e+00
9.995006262447920890e-04
2.978874667795305964e-01
