5.048760687831967964e-01
5.062694235756268757e-01
4.979592610902551231e-01
5.345194121057791348e-01
5.020100404508870406e-01
5.199906950861504784e-01
5.499447768465799413e-01
5.076670125429072478e-01
5.205417634248236114e-01
5.139116135383074990e-01
5.064691267107523931e-01
5.140331212687687668e-01
5.080390047451427415e-01
5.404990448648964163e-01
5.028766025006595752e-01
4.948287043237092342e-01
4.926709518117563524e-01
5.038712221327239504e-01
5.104559715227505734e-01
5.090237896911647963e-01
5.388889464788478856e-01
4.809730946068520030e-01
5.237539970323582539e-01
5.921229307838621336e-01
5.045177629911491435e-01
5.351590856371085669e-01
4.726692757883547147e-01
5.208893767508625539e-01
5.334455148020315063e-01
5.163727767419189485e-01
5.021221268640845281e-01
4.997680859964980238e-01
5.031561716730962308e-01
5.137968810114516005e-01
5.098798665345630754e-01
4.901509870375262423e-01
5.015645168481417393e-01
5.206250151620865907e-01
5.002877237004742517e-01
5.218446689275118011e-01
5.619421230895914610e-01
5.335042133933961539e-01
5.180061837467259123e-01
5.137528820051714407e-01
5.069155805863350128e-01
4.998154620174669049e-01
5.016556838488340775e-01
5.721049962352638962e-01
5.017400399311897630e-01
5.748921579247981972e-01
4.907566467218486550e-01
4.997735559811076755e-01
5.083859170645967929e-01
5.131010443223239514e-01
5.421859472910819377e-01
5.318794161804486498e-01
5.180242086766108089e-01
5.565182849417454891e-01
5.015918572594471048e-01
5.291018056666726421e-01
4.727878534490223550e-01
4.887743847956205201e-01
5.353325203637250285e-01
5.239910987503092477e-01
5.002703400774261011e-01
5.040607218888621954e-01
4.997154212397945106e-01
5.072263781978599839e-01
3.375799711419427696e-01
3.300237923337752122e-01
3.318640713540440546e-01
3.460903943641819303e-01
2.996954336232207639e-01
3.580048909485600284e-01
3.467826936525552628e-01
3.309802017652752060e-01
3.464138655624015573e-01
3.384274069314736066e-01
3.337305997742830432e-01
3.724968737347492120e-01
3.237169943945635286e-01
3.485336003377061953e-01
3.116996002705806901e-01
3.405102561514967152e-01
3.429163707845491738e-01
3.248226002149731673e-01
3.345317802007596319e-01
3.687720101379122206e-01
3.296304538061907707e-01
3.438429171187096789e-01
3.209040804230046118e-01
3.349588759512258096e-01
3.113940765827283852e-01
3.436830674118346862e-01
3.166239786685340341e-01
3.317913588895645693e-01
3.620763316499714946e-01
3.445314947640509273e-01
3.066464219400373281e-01
3.043941142437520675e-01
3.182836265456031044e-01
3.205342588647181468e-01
3.324930137080614467e-01
3.406361702345507836e-01
3.298515600169923956e-01
3.530395906184859989e-01
3.055821225707807121e-01
3.686268890660601150e-01
3.454087763786047316e-01
3.777571379405179619e-01
3.426484175454332370e-01
3.335195035435916666e-01
3.432457137326854202e-01
3.181773465791248312e-01
3.210441123171077216e-01
3.552646980518213149e-01
3.137593082499590125e-01
3.302632957901525113e-01
3.427771100668497994e-01
3.262479299980968195e-01
3.395246744380204240e-01
3.089419413370593226e-01
3.387584441420373182e-01
3.328911926913522557e-01
3.205835396110668922e-01
3.349502257461478005e-01
3.117265064166280242e-01
3.404661567240156450e-01
3.170366430710793160e-01
3.371307510578606670e-01
4.010914639778582758e-01
3.456654601555750883e-01
2.853905166984105901e-01
3.007129103675826309e-01
3.088987543425859017e-01
3.325985476537237084e-01
1.500819829861430588e+00
9.980661002014668427e-04
2.537028724455602235e-01
