5.251802872966260249e-01
5.133486465261868359e-01
5.334507843201384825e-01
5.149655140452886748e-01
5.030895722742682041e-01
5.046782429933809322e-01
5.534155521212366091e-01
5.220507229530706450e-01
5.350487727992221387e-01
5.431580485454298168e-01
5.182019314045336333e-01
5.102529259805054229e-01
5.078569464615425577e-01
5.781523926118401491e-01
5.002729933797204209e-01
5.139319813922458291e-01
5.310491974663728021e-01
5.157415521808931258e-01
5.105379471929047952e-01
4.937976347192032378e-01
6.174973225002015065e-01
4.896620452724695371e-01
5.147229523807721474e-01
5.085660248508991899e-01
5.017230755555357469e-01
5.634475769054794192e-01
5.238731971567461843e-01
5.037531699871879987e-01
5.272791163994994257e-01
5.437531647301764304e-01
5.148188303666975107e-01
5.042824622668197199e-01
5.217024304243679245e-01
4.996864212571432429e-01
5.193109001806771596e-01
5.096252153299252186e-01
5.123061768420379414e-01
4.936560569767874940e-01
5.011073523834239651e-01
5.499340949385386201e-01
5.196187285170427161e-01
5.116502721581399626e-01
5.101162381490362829e-01
5.307016232462351546e-01
5.353060723012693645e-01
5.067073063547813394e-01
5.164306347271860886e-01
5.761522892445848365e-01
5.025351674133505808e-01
5.234209520188322085e-01
5.186269430417621562e-01
4.958397511493777832e-01
5.155237329045574413e-01
4.993928273935930306e-01
5.950156916439772736e-01
4.801877141102965374e-01
5.133587488623531092e-01
4.996107903340400447e-01
5.097581076983849213e-01
5.485807071781280131e-01
5.040910805764431402e-01
4.961985526997286788e-01
5.458350616577649639e-01
5.334116195410543160e-01
5.094251574750788825e-01
4.984894674890210098e-01
5.061453801610718006e-01
5.624331107664876095e-01
3.574736184315429610e-01
3.469729167957749660e-01
3.337746206382292136e-01
3.427681661929594115e-01
3.101566494261145945e-01
3.625791281341677608e-01
3.405285761364559294e-01
3.486403897165515908e-01
3.714325194141708253e-01
3.352470099812704385e-01
3.698737952824157071e-01
3.711330286298846204e-01
3.663203681464889949e-01
3.292751551749316108e-01
3.301248668931204278e-01
3.525902795587579353e-01
3.481073863620963715e-01
3.544915347315425458e-01
3.601424550186186901e-01
3.511742781777438815e-01
3.344603721499923576e-01
3.484053956501709792e-01
3.451777240151391868e-01
3.458226230931570888e-01
3.526685703154033291e-01
3.451979213793488488e-01
3.186678747367537312e-01
3.338850795528402471e-01
3.511917663891584995e-01
3.513214767600889576e-01
3.683464048170438376e-01
3.280360798002774358e-01
3.646941882610645336e-01
3.578074464413564248e-01
3.553633958125846926e-01
3.575973109102939529e-01
3.371647916433054282e-01
3.504350429966573421e-01
3.068127526925490955e-01
3.567894939603611926e-01
3.352102434273578346e-01
3.384064258983429108e-01
3.447034994195783963e-01
3.386764306047231887e-01
3.409565602747340329e-01
3.658125765088602876e-01
3.574248527957234467e-01
3.458838954334100824e-01
3.199504890540436630e-01
3.509654738314379463e-01
3.585810981129728958e-01
3.029228689742033964e-01
3.550963329491581555e-01
3.496195930117521611e-01
3.423839275331275189e-01
3.562503154513818049e-01
3.486380622362246773e-01
3.389532516274824103e-01
3.488791917510560281e-01
3.393401922464046039e-01
3.179471857972887561e-01
3.347390098733278863e-01
3.431760281194606854e-01
3.399239885916401360e-01
3.448739222932141746e-01
3.039061352354602286e-01
3.474341444487784036e-01
3.412039329434716772e-01
1.537556641275402702e+00
9.907885010197864644e-04
3.088044531041033713e-01
