5.401840434430471571e-01
5.232112166120919117e-01
5.297128306837095568e-01
5.236274034405254962e-01
4.859322319626370179e-01
5.169591849363157632e-01
5.198300093449582659e-01
5.607215834846555058e-01
5.257252868423063497e-01
5.134872835453510032e-01
5.087463051944534076e-01
5.161375479816797673e-01
5.382186831221564827e-01
5.458891860651217121e-01
5.114970728757911589e-01
5.783110271516155310e-01
5.234465219026438465e-01
5.093580724553122829e-01
5.146952809602224344e-01
4.970563279613510743e-01
6.089136243656584346e-01
5.637998719446718487e-01
4.793605643732442023e-01
5.291069351135319065e-01
5.252674986562860804e-01
5.362527072902313341e-01
4.771309588250472467e-01
4.796723111832966735e-01
5.606818181081711927e-01
6.196819907555672913e-01
5.081801896019412235e-01
5.050990304929751096e-01
4.912171196618340674e-01
5.097697984043925157e-01
5.106439033875214140e-01
5.908920060936622143e-01
5.488045420840522715e-01
4.886789749068283228e-01
5.037528092200037610e-01
5.038780823520723207e-01
5.404134437406376001e-01
5.154774579639186394e-01
5.005535816926566239e-01
4.880438568933413990e-01
5.279584111397640500e-01
5.021527593291553737e-01
5.338324423207001512e-01
5.428845772352401955e-01
5.119944437308556751e-01
5.979965252132777298e-01
5.496434898530386803e-01
5.058338009017415704e-01
5.214250680740820654e-01
5.094088734152869558e-01
6.343911770715475740e-01
5.597610783976011417e-01
5.259805070993232023e-01
4.713862288939486556e-01
5.135008606123998565e-01
5.407701742963409997e-01
4.741902518507881137e-01
4.693910827790738760e-01
5.289782284863652206e-01
5.307130792376888451e-01
5.022981455853510191e-01
4.976407395466930783e-01
5.008853975893299282e-01
5.871610891710745683e-01
3.518160777833195252e-01
3.757727912337112119e-01
3.332158791373956430e-01
3.155172491449332317e-01
3.083919126668346888e-01
3.418700109435136025e-01
3.286198792111380551e-01
3.241184655867612174e-01
3.324023308816800304e-01
3.237562954270659654e-01
3.630325511415844475e-01
3.658208411628918744e-01
3.701565674510565174e-01
3.410343195595582633e-01
3.467719030528186308e-01
3.459176734658683250e-01
3.473570851409353288e-01
3.322044175218931694e-01
3.653221516684730941e-01
3.473910460274193812e-01
3.425681874419471695e-01
3.703681451081476395e-01
3.373160336529904546e-01
3.219869856776337302e-01
3.786967973926557707e-01
3.412869900074271268e-01
3.187769525624727374e-01
3.227897038724040768e-01
3.470486506521859860e-01
3.427223372878875352e-01
2.836485098179377662e-01
2.905173064266151628e-01
3.996706035352333708e-01
3.580149200781392871e-01
3.469719021001044235e-01
3.706441605807888062e-01
3.424464361212610775e-01
3.174896169742182916e-01
3.125943789281300789e-01
3.392807953281575806e-01
3.289102850045681481e-01
3.387203932122965777e-01
3.294844385809019838e-01
3.324696544105907869e-01
3.595040793094526066e-01
3.236268661519021705e-01
3.607982690365552636e-01
3.232575284370267643e-01
3.606363654016058740e-01
3.386751569699426034e-01
3.556832472289730984e-01
3.502673574962860692e-01
3.670822138819887503e-01
3.431372060459388362e-01
3.316328853267703214e-01
3.609776926310526157e-01
3.330569708094410220e-01
3.238317320260807319e-01
3.563060841375486065e-01
3.386855411637209046e-01
3.213936854676299748e-01
3.160093665368560178e-01
3.418997640342660294e-01
3.407979597939720384e-01
3.434677155684698335e-01
2.962074055473908341e-01
3.425751960386664297e-01
3.284978530028244692e-01
1.599578811047339899e+00
9.878606797908836504e-04
3.207863435585471823e-01
