5.230796396425215766e-01
4.849368529641618353e-01
5.350507515169327100e-01
4.809419940094362689e-01
4.930937204325429590e-01
5.342512470432836391e-01
5.862535726561937111e-01
5.363490194071400818e-01
4.856693739752548922e-01
4.845657618790511489e-01
5.015746206847340183e-01
4.881016705736396788e-01
4.883132272977157018e-01
5.214626051447275312e-01
4.926088141037779922e-01
5.170238675139205986e-01
5.662584859581222263e-01
4.972108804350288680e-01
4.890968238304454485e-01
4.955367922901036115e-01
6.285797660135176157e-01
5.377654996554557254e-01
5.500539921716116609e-01
6.271644339685108482e-01
4.929407575624831783e-01
5.588525175520460131e-01
5.667609245336299173e-01
5.762205365459847073e-01
5.695765807138579717e-01
5.246881518670495348e-01
4.836254483419961114e-01
5.046904090211197236e-01
5.008583294573566436e-01
4.840434815011494529e-01
4.980621750328981800e-01
5.320181639562235887e-01
5.185526381197544943e-01
5.130749576492761310e-01
4.920894740752510543e-01
5.267096457580198177e-01
5.358150376180691454e-01
5.343042937841467888e-01
5.185415826474714107e-01
5.077957760175093593e-01
5.113537212033654189e-01
5.273389723207688728e-01
5.090658418345684888e-01
5.502383090109154162e-01
5.105117588265266626e-01
5.563548393892898680e-01
5.442335783905232205e-01
5.070751032250255808e-01
5.126366266904721636e-01
5.377182387841937805e-01
5.673343077447130511e-01
5.635718360460558740e-01
6.476646521388345068e-01
5.835590415159427335e-01
5.232831794981114282e-01
5.790578435933899648e-01
5.601614227942507407e-01
6.043651985913858216e-01
5.539239405689365681e-01
5.693333117691257161e-01
5.192878821488422503e-01
5.055576959310256191e-01
5.174099405704699617e-01
5.563322235696123164e-01
3.615047939226733176e-01
2.623649923167258313e-01
3.311131525517525542e-01
2.649487097814178238e-01
2.781071258093789633e-01
3.873569911660081910e-01
3.485328155157860763e-01
3.646587065658510873e-01
2.726407568696353478e-01
2.578166119270343115e-01
3.107360918201828581e-01
2.667031864797219654e-01
2.669169103009494393e-01
3.500541559579423700e-01
2.740188256374455067e-01
3.555491365438744888e-01
3.395818398819432371e-01
2.919215956722885363e-01
2.792212388350397978e-01
2.763760899107115532e-01
3.445917482525373554e-01
3.663939773293578561e-01
3.323329860697435412e-01
3.461984480140778975e-01
2.831730745997321219e-01
3.227459524510326028e-01
3.314861462377201584e-01
3.349092645179647110e-01
4.031520999174089681e-01
3.420433513434074091e-01
3.020354883651012456e-01
2.988941276101738653e-01
3.393926508894666294e-01
2.285011726571713753e-01
3.466310456500178439e-01
3.750158326742173420e-01
4.000654300523002194e-01
3.761448391633010480e-01
3.154492813113445870e-01
3.615978426477237662e-01
3.430551125359938558e-01
3.889452244509525314e-01
3.718888938901805385e-01
3.608417294011472265e-01
3.491451874945954992e-01
3.411887303792069948e-01
3.466531478705604519e-01
3.437079534922058976e-01
3.566168441082469553e-01
3.432089953429827700e-01
3.721875759726262500e-01
3.367952618486191319e-01
3.746374732941166186e-01
3.770621841769226656e-01
3.495176567532237155e-01
3.518987224789296708e-01
3.091866873924355996e-01
3.426945172859633959e-01
3.775845639048256985e-01
3.489564983666910147e-01
2.854773383142217846e-01
3.353665764070357103e-01
3.748857941646351333e-01
3.589787948155613306e-01
3.557639491854539537e-01
3.444819746870458887e-01
3.721313230772114178e-01
3.633451028259584992e-01
1.596711972805583191e+00
1.013361213192736201e-03
3.426452550369507577e-01
