5.505015754798763261e-01
5.350338382466638398e-01
5.501385090145648471e-01
5.218340395301097612e-01
5.007083499965236939e-01
5.402563512968412418e-01
6.067124692129273189e-01
5.853818753101857064e-01
5.342592742532290551e-01
5.345901679142452956e-01
5.485782509691240483e-01
5.313965166755126868e-01
5.048369130932506277e-01
5.517550546787968191e-01
5.111729766663626329e-01
6.058245073923422819e-01
5.767556087494319916e-01
5.361894014845481893e-01
5.565410022555788983e-01
5.162511700868626097e-01
7.108068517665970809e-01
5.466832338533049729e-01
5.185294042448665985e-01
5.986624865783902738e-01
5.275986424896282889e-01
5.775543863122661881e-01
5.520529900267564516e-01
6.425865616501132971e-01
6.145348913927322076e-01
6.383056657904740971e-01
4.940089480456751891e-01
5.082044774403378096e-01
5.518465782190055124e-01
6.364896759356443168e-01
5.520197230056315130e-01
5.872225332276558296e-01
5.776573235486444080e-01
5.247414204048138631e-01
5.047796198889894503e-01
5.273135917861755395e-01
5.670867932279722856e-01
5.531758300724041177e-01
5.595143457654235819e-01
5.327189187313589036e-01
5.674176210340962090e-01
5.038826239411724472e-01
4.906717537387924044e-01
5.343737150492509080e-01
5.139556286742013036e-01
6.458279860590614430e-01
6.142524816923503606e-01
5.147645253341330829e-01
5.492143193122478451e-01
5.595762042935690239e-01
6.988471471764604592e-01
5.481643275217478184e-01
5.325552735513167102e-01
5.561976568938347132e-01
5.137675359585832657e-01
6.445305912482865995e-01
5.537563018189664010e-01
5.071610362003917682e-01
5.759256938770525025e-01
5.998283056374059674e-01
4.900199380171360031e-01
4.913833034968141944e-01
5.224637338921352958e-01
6.292954172400653245e-01
3.672578516154227368e-01
3.568115701678654661e-01
3.311330107770726894e-01
3.740672397488474243e-01
3.106912911102069352e-01
3.679729242406563627e-01
3.247936798291140015e-01
3.390242129356522138e-01
3.333634302310982678e-01
3.553176084512066346e-01
3.612296088158298280e-01
3.702602340468867381e-01
2.977901420314886249e-01
3.403203872140063146e-01
3.661619436441038711e-01
3.453494488214895464e-01
3.446266825689267566e-01
3.532220219572049791e-01
3.749520441885711985e-01
4.006908893430137786e-01
3.298098743189541437e-01
3.562450624941209676e-01
3.355733514636105030e-01
3.313832387616593711e-01
3.591106999360120233e-01
3.441896588695368964e-01
3.140939730444508027e-01
3.248298065912738619e-01
3.428648920785242749e-01
3.390593297886196344e-01
2.974413894017562954e-01
2.894686052892719852e-01
3.725416397520040501e-01
3.401752243793941810e-01
3.783516179377848232e-01
3.604343165086391632e-01
3.366766179088472866e-01
3.741946503593143736e-01
3.083935559417169681e-01
3.594277510478536830e-01
3.343179468087819073e-01
3.619094489724469232e-01
3.426287739997388448e-01
3.510742679375251640e-01
3.562994517559509577e-01
3.682575974576783873e-01
2.903113924845295846e-01
3.322992012656062477e-01
3.657358284058332409e-01
3.398074989776926902e-01
3.591129544514718996e-01
3.414880339298683731e-01
3.437983749039776882e-01
3.936118907073625217e-01
3.296284277619678793e-01
3.450602261755441047e-01
3.403773349117170666e-01
3.298038584886500701e-01
3.484615819786383573e-01
3.400715126201308003e-01
3.164800392713417732e-01
3.333050877304951087e-01
3.498013903609161757e-01
3.534274343589104417e-01
2.820381970890864509e-01
3.088742872606710099e-01
3.913358918164980826e-01
3.350092198921885145e-01
1.516532231677625298e+00
9.660108588019189046e-04
3.473281227526089365e-01
