4.974378999386609435e-01
4.887516482776962379e-01
5.384842525249549094e-01
4.843138284996968967e-01
4.944114603950428566e-01
5.091879381855417552e-01
5.217500219840260911e-01
5.047605604775575738e-01
4.874077721187992651e-01
4.848891730692833080e-01
4.974829025327813792e-01
4.889098076753694566e-01
4.915905031663696523e-01
4.924607119468649707e-01
4.955042642127267527e-01
5.380414158546098502e-01
5.305265553933381506e-01
4.975670086103854972e-01
4.912698536879865907e-01
4.963616255996401994e-01
5.340283156914555907e-01
5.010183302342381406e-01
5.693948205052810074e-01
4.931451250693461574e-01
4.942433521620386294e-01
5.031512310439173463e-01
5.602390783068348368e-01
4.934616378212487997e-01
5.064472968111114470e-01
4.962400323104653177e-01
5.000679335274539339e-01
5.002722914228152629e-01
5.033402914709395048e-01
4.862926992250805602e-01
4.917882643901306250e-01
5.213866151688124617e-01
5.309475851891437559e-01
5.129860345826766643e-01
5.015312337207273874e-01
5.088777433320101906e-01
5.308818953785210404e-01
5.112687818352450453e-01
5.148397624358632685e-01
4.974746517406710700e-01
5.210645513430941511e-01
5.126126033207085708e-01
5.013766721971593121e-01
5.006355166481952779e-01
5.015118918622362143e-01
5.017742096109060190e-01
5.338105445564866880e-01
5.220214097925828245e-01
5.185954087468565010e-01
4.943738518588580710e-01
5.624887847842628963e-01
4.973859068497781255e-01
5.787885173681930340e-01
5.304778989749426854e-01
5.135468978128349127e-01
5.358676307596208499e-01
5.322411638702634340e-01
5.618130457257716204e-01
5.024608872195812648e-01
5.639546877692876992e-01
5.145549548457042377e-01
5.137626122576655074e-01
5.035878204450766615e-01
5.365565618075857079e-01
3.110710128315394285e-01
2.714368291688227242e-01
3.529147558041970112e-01
2.626356229562864519e-01
2.823992930532470136e-01
3.575524518416247077e-01
3.674237606077625506e-01
3.380567093524986522e-01
2.715300925267918886e-01
2.535199805242387971e-01
3.085586139954517582e-01
2.638052396039393677e-01
2.742011426573134902e-01
2.832702929090381017e-01
2.838013187583197094e-01
3.708171535092173454e-01
3.501991440254239585e-01
2.951992795306969120e-01
2.752369475499530371e-01
2.779184396471311991e-01
3.504300283742345923e-01
3.227155726514510659e-01
3.299445624061585480e-01
3.299578369007328260e-01
2.816770203007524787e-01
3.333301023144152331e-01
3.333241296858233671e-01
2.727575679644620443e-01
3.378040934713164578e-01
2.610490021281139383e-01
3.000559862893353302e-01
2.970858694523180743e-01
3.102387901911460300e-01
2.354794621496195117e-01
2.877108083576474518e-01
3.700969238907182990e-01
3.666618069819589931e-01
3.669878236868878707e-01
3.058635817083289465e-01
3.529466921793654732e-01
3.439992728932084187e-01
3.504036228462117930e-01
3.661715878105007982e-01
3.016057799083168289e-01
3.573509681598667220e-01
3.487780154439162894e-01
3.177660164724173120e-01
3.005547548894444976e-01
3.074184254021556373e-01
3.395164944486914749e-01
3.710394605030666315e-01
3.603952458007945725e-01
3.694612852770712830e-01
2.754813591455110289e-01
3.654782167978549157e-01
2.973545940861288539e-01
3.365855258876213063e-01
3.526677299751606043e-01
3.520274574581356286e-01
3.552552353896176185e-01
2.956678084723541877e-01
3.355857931627445612e-01
3.277706148450261758e-01
3.703992960423489467e-01
3.491237154906425277e-01
3.423507047472004738e-01
3.136850109918488116e-01
3.558500788939929493e-01
1.505056197386450245e+00
1.002437639809391568e-03
3.103919202385393428e-01
