5.122281947266198454e-01
5.040740652969822877e-01
5.275601483546434878e-01
5.409764098960135881e-01
4.965918681050323635e-01
5.163906842958214671e-01
5.856790948279619879e-01
5.055999385919458522e-01
5.104466048984386273e-01
5.452427363026320917e-01
5.011685452622632875e-01
5.201462434402189805e-01
5.038931809483513380e-01
5.327492231731081329e-01
4.974110016851296945e-01
5.349203980779119183e-01
5.293704685547649946e-01
5.021601641933145510e-01
5.100593156897309521e-01
5.113675603109198997e-01
5.060681236471090694e-01
5.114182983700090723e-01
5.098405485869527132e-01
4.981074214884468887e-01
4.919193975407335495e-01
5.302593390129602957e-01
5.121049650727199642e-01
5.297766674020699673e-01
5.363248339902492168e-01
5.765592538714868764e-01
4.963734063183923850e-01
4.960309061071997982e-01
5.134986931582758984e-01
5.417274706434019871e-01
5.017589280119634232e-01
5.050040649817830740e-01
5.373069930254300575e-01
5.504178630920255610e-01
4.983437043206880857e-01
5.173271478846108717e-01
6.033888434910986698e-01
5.057320443119026621e-01
5.195305510264036641e-01
5.456655319600925980e-01
5.052188386059078828e-01
5.339930820458934635e-01
5.036151526256293920e-01
5.105617581091823620e-01
5.084919645521932541e-01
5.432679331501576447e-01
5.229023822481484451e-01
5.013781623792571418e-01
4.998346878737025545e-01
5.368991630969477402e-01
5.217995416158403010e-01
5.262508774932453948e-01
5.153629989103475362e-01
4.987745597870983372e-01
5.007882652579592753e-01
5.265297815769605094e-01
5.068212170284851492e-01
5.327288536328885771e-01
5.089581414137509530e-01
5.374304158302722900e-01
5.016768116596413973e-01
5.016035842029509251e-01
4.968038004797375451e-01
5.035249461026565232e-01
3.349437627186090394e-01
3.234478807934947908e-01
3.321452957644404069e-01
3.866758559456635047e-01
2.982294445186152165e-01
3.536060510143210767e-01
3.616716508223483673e-01
3.303364406750865512e-01
3.640533930486255509e-01
3.567536523774665902e-01
3.311314526130341718e-01
3.860017929077514953e-01
3.241620060089214217e-01
3.432412977026073064e-01
3.114310877668691191e-01
3.472919463087887348e-01
3.421688142240386088e-01
3.101850200759206366e-01
3.589991130164189581e-01
3.758703050486368880e-01
3.385815767238463669e-01
3.544689894976833511e-01
3.506124925266916326e-01
3.452763024088515431e-01
3.127392951753381611e-01
3.376599887697283031e-01
3.229435679942287973e-01
3.457320479815221281e-01
3.685349417998913246e-01
3.810759256841433351e-01
2.962369590106974093e-01
2.987228365853835665e-01
3.209088583665448691e-01
3.654229415601792375e-01
3.204050755776707837e-01
3.343155935525015665e-01
3.393860603500580830e-01
3.832925638096865151e-01
3.050411875639048032e-01
3.561200050695989550e-01
3.526951307047710982e-01
3.261203923480246458e-01
3.713937797820252018e-01
3.724622394881996756e-01
3.314661798005249516e-01
3.967221079664191019e-01
3.218287656144312447e-01
3.319033643727644090e-01
3.260773204917754020e-01
3.437335312146724275e-01
3.627491795935879337e-01
3.121900058616314810e-01
3.474821468937657198e-01
3.827992129145697531e-01
3.373261820467302052e-01
3.817647788214970084e-01
3.504841219687546139e-01
3.434327534088899569e-01
3.187909857963479587e-01
3.375965518243627672e-01
3.207241277446288841e-01
3.506251406997113462e-01
3.501833801368400834e-01
3.596833059272462885e-01
3.094850965758595418e-01
3.021857963219886645e-01
3.111186015749081157e-01
3.527400096747260183e-01
1.453370639619640192e+00
9.778183687404664193e-04
2.514076767641197363e-01
