5.097230451510451621e-01
5.005481118690771059e-01
5.072255185197572791e-01
5.184920729230563241e-01
4.972573428171793708e-01
5.124019023916760451e-01
5.507365084568860425e-01
5.283097384791838325e-01
5.147438437306437464e-01
5.030179511805682457e-01
5.069396109109997051e-01
5.090399634080073898e-01
5.030076935176991393e-01
5.143613433999421058e-01
5.025538936608041629e-01
4.939342750450070318e-01
4.984456330575693372e-01
5.050586480755544505e-01
5.103715754480030453e-01
5.046578484630787065e-01
6.697739215131347512e-01
5.212852269670811278e-01
4.875015174641285642e-01
5.167443083013487648e-01
4.986279867380108421e-01
5.095621767583090600e-01
4.909838368303270917e-01
4.785264928280843488e-01
5.170638381672303385e-01
5.743475400475845927e-01
5.031683643427617980e-01
4.980588973552375065e-01
5.040385497945538695e-01
5.088133557385392525e-01
5.067960736666315968e-01
4.938886780979645508e-01
5.127067051182864210e-01
5.145804935804167979e-01
5.060066657075609209e-01
5.118786012091989246e-01
5.097686293046618244e-01
5.224866022728624770e-01
5.176718601837737577e-01
5.092344900624873327e-01
5.058274951563039856e-01
5.072163919720775738e-01
4.982893360238068170e-01
5.064436611653974074e-01
5.007162790513597361e-01
5.076566030180748035e-01
5.051153974138349323e-01
5.019752514677103816e-01
5.106398270747365409e-01
5.124792850314590087e-01
5.021682596340435456e-01
4.919147431229256573e-01
4.799480660431776347e-01
4.957735732962221809e-01
4.990381700949869104e-01
5.060129842688183555e-01
4.803956091000385342e-01
4.811548655456374668e-01
5.079145064895902451e-01
5.025076986474767970e-01
5.018227764925183854e-01
5.020211882980345486e-01
4.989172727191273915e-01
5.018006972275611544e-01
3.449085162119984171e-01
3.270612835420834141e-01
3.375163996695773050e-01
3.559860933191349996e-01
3.081477320848790002e-01
3.490893186738470710e-01
3.322136913588277785e-01
3.391210701893018764e-01
3.565978424733471375e-01
3.238108697686307713e-01
3.203819497947211770e-01
3.575603587471969380e-01
3.077824413752502375e-01
3.343798880315494437e-01
3.058829932040009192e-01
3.455401012729529264e-01
3.478133066060379863e-01
3.169189162657444769e-01
3.532257711770855901e-01
3.420981925324912964e-01
3.262316401522699638e-01
3.439677339183300209e-01
3.367451833910781733e-01
3.386633654354413991e-01
3.072851313779952909e-01
3.437850378464819556e-01
3.206973891088674145e-01
3.372826747584967699e-01
3.355906438245160328e-01
3.433508439066040863e-01
2.916238364881634237e-01
3.028502814001727828e-01
3.137282975148578124e-01
3.433817022297529498e-01
3.367847966073401200e-01
3.367065644622445064e-01
3.307978915342510429e-01
3.332781229195531103e-01
3.027210254863525463e-01
3.342598941671350854e-01
3.271091472065172923e-01
3.393246474294612791e-01
3.449958763409788909e-01
3.082186206181420918e-01
3.312551685832373360e-01
3.346855515040871309e-01
3.168755021715382036e-01
3.329020855807767187e-01
3.108122045412520240e-01
3.494103606789560335e-01
3.298572326561166612e-01
3.188575750737532299e-01
3.527739822294079231e-01
3.395174244497481397e-01
3.441852234374435104e-01
3.175495093558342030e-01
3.518730093159232464e-01
3.400056582366111635e-01
3.045411267863193938e-01
3.389569430691196095e-01
3.206469057331631789e-01
3.413261072346945313e-01
3.076578224603560008e-01
3.345689367858495356e-01
3.010931174497860074e-01
3.058008246826995347e-01
3.081373926057762169e-01
3.239105401010067276e-01
1.546816593843219234e+00
9.878617421657483796e-04
3.502695361110023109e-01
