5.266862629637059090e-01
5.737736996621674024e-01
5.500186530242451299e-01
5.761175555396357284e-01
5.055798096763446381e-01
5.203075111145647469e-01
5.709566196722900555e-01
5.574299861657836530e-01
5.535380478874299959e-01
5.542347141496399843e-01
5.239924713421491020e-01
5.376181674427377155e-01
5.803733872690357565e-01
5.736412769852241578e-01
5.072313776774581839e-01
5.725972607772036316e-01
5.571958536725790667e-01
5.198143332465366973e-01
5.503397074356097818e-01
5.126853336395286176e-01
6.509586068805222059e-01
5.829562483183150512e-01
4.946713132778687294e-01
6.004618471833422788e-01
5.373234869543451753e-01
6.304218163271186892e-01
4.908602192780844309e-01
5.838542346140486172e-01
5.388831052776411612e-01
5.955003751356924280e-01
5.109128760827570392e-01
4.958501534246440579e-01
5.097372308938048491e-01
5.823092676515284616e-01
5.496606156777741337e-01
5.379962968269927925e-01
5.592916860489657305e-01
5.436948515398274395e-01
5.063724889116322236e-01
5.420592440872455953e-01
5.783800437588911825e-01
5.709304496172983301e-01
5.780726117251746565e-01
6.082319263823570132e-01
5.473531411761516363e-01
5.363438730889115158e-01
5.730822000399105054e-01
5.937809104389352166e-01
5.057074661662490644e-01
5.827010845737909950e-01
5.916664016395628556e-01
5.060109553718191711e-01
5.817655576134395101e-01
5.210455372043942823e-01
6.386885342009305244e-01
6.135527162354903474e-01
5.252108289773129712e-01
5.554957075404226563e-01
5.026567535244539364e-01
5.626131034443850876e-01
4.872820946898497319e-01
5.835372759157047007e-01
5.902738978156309990e-01
5.784478175815025436e-01
5.236235212969315711e-01
5.035596316375633430e-01
5.238386549992822827e-01
6.187785478469803868e-01
3.478170193833594603e-01
3.684532186341926696e-01
3.325202727158296789e-01
3.611465704737125693e-01
3.099101930216257017e-01
3.411384891799409957e-01
3.368488226879054470e-01
3.349329059373192252e-01
3.621655852364272232e-01
3.446880500741423270e-01
3.533701028596843430e-01
3.420013093205299115e-01
3.447076313175173046e-01
3.480877818063358164e-01
3.320087594044315304e-01
3.430453257333834216e-01
3.421132591329729689e-01
3.683269758723446419e-01
3.567221193498626985e-01
3.814983509571026610e-01
3.373214330724509380e-01
3.645612837195145173e-01
3.327475503693423375e-01
3.407813281752945511e-01
3.603230517310542225e-01
3.291598113727226549e-01
3.189694718664241591e-01
3.216525280135659748e-01
3.531251398111249218e-01
3.534062192791024293e-01
3.585094381535278707e-01
3.355903380683865622e-01
3.733137843875019568e-01
3.553958369129971429e-01
3.794262345915294099e-01
3.536617467111091706e-01
3.347959158781909639e-01
3.494261535985068168e-01
3.098747769443523925e-01
3.449741857502075515e-01
3.318856622046273963e-01
3.611129444671598576e-01
3.630520094782345719e-01
3.558149251787841583e-01
3.543694387832909687e-01
3.786660897917970003e-01
3.623503698236520409e-01
3.378437355827597632e-01
3.240763943254064139e-01
3.379646581166900199e-01
3.558554913943774434e-01
3.097103679808543841e-01
3.790450145285909622e-01
3.718846565679292393e-01
3.341060653826123938e-01
3.627722344859538595e-01
3.303889455328419822e-01
3.376821371444864162e-01
3.627138113090015992e-01
3.332038770597376964e-01
3.203729850132067125e-01
3.217815601382168489e-01
3.571225613993097014e-01
3.444056516520043743e-01
3.520711556209277227e-01
3.059666197842658697e-01
3.557114625679723696e-01
3.487545281725513147e-01
1.525076495519932296e+00
9.809273564098629217e-04
3.763196417893714396e-01
