5.709037850062226305e-01
5.069128857810536459e-01
5.036927004709759181e-01
4.932714516196483601e-01
5.117660787383260246e-01
5.446520363664705267e-01
6.869157592242821631e-01
5.674690690755281874e-01
5.272753701308010577e-01
6.126849649357839489e-01
5.051941415992785567e-01
5.054107540255274866e-01
4.985695890027154742e-01
5.969040088290585855e-01
5.113298440826693492e-01
5.212617030535179330e-01
5.273978962957850403e-01
5.110579831738073509e-01
5.122346659252495771e-01
5.050842132531936368e-01
5.571085835427017630e-01
5.156747040635665247e-01
5.112027612115686015e-01
5.669013762711407889e-01
4.750394225117642311e-01
5.208188453742855772e-01
4.999314698237397603e-01
6.427357473103553209e-01
5.575427165143201913e-01
6.315124743875484281e-01
5.136484659372217987e-01
5.018440054115181903e-01
5.285333111415619900e-01
5.218462248623021438e-01
5.473538081377430364e-01
5.123958615203275668e-01
5.287686727030477263e-01
5.015322297537495588e-01
4.866883473989691566e-01
5.182066282451106565e-01
6.338845043624045106e-01
5.367652280851116231e-01
4.951061990718177985e-01
5.712928548259659234e-01
5.412265678570603589e-01
5.139542373866508029e-01
4.841292606607699445e-01
5.494090359245235033e-01
4.955186188452460616e-01
5.763943240621147712e-01
5.305598034606878732e-01
5.292179618503882743e-01
4.860857675205542128e-01
5.108838717098272975e-01
5.672570497894005026e-01
5.341985368431161341e-01
5.205750629990179013e-01
5.144445348094475179e-01
4.735277440638691049e-01
5.382886930603508757e-01
5.082712692898957441e-01
5.540414888229207024e-01
5.956387374461983297e-01
6.547856492092566372e-01
4.707607188722848779e-01
4.933525860846862954e-01
5.277954270256303149e-01
6.170384916991832336e-01
3.610346134888398062e-01
3.450871371684240962e-01
3.425811283798281814e-01
3.530266798836841358e-01
3.111453785993006371e-01
3.589226469615934279e-01
3.335788350892249232e-01
3.467732826762245368e-01
3.440111251864905184e-01
3.626369044927976737e-01
3.522201952415761617e-01
3.732936739273323146e-01
3.423802551272675521e-01
3.436527410762187373e-01
3.491296430430869679e-01
3.545063743307044768e-01
3.507466545338692177e-01
3.274094083631739482e-01
3.537230271772645041e-01
3.411436917286724269e-01
3.409272415457049177e-01
3.506397454551468118e-01
3.391005947688776057e-01
3.356717445934652710e-01
3.547625477771582658e-01
3.455564835413996172e-01
3.173884899637864909e-01
3.274688473311256343e-01
3.430142853335917397e-01
3.413261377385130579e-01
2.908944189067576569e-01
2.878237168288001468e-01
3.838780558588829050e-01
3.468707759779822153e-01
3.656843919931176967e-01
3.464666697721364708e-01
3.451905578421561871e-01
3.687917732421254757e-01
3.085401314750207957e-01
3.555644808467863238e-01
3.357447270562560759e-01
3.498963857787792953e-01
3.435875762328666760e-01
3.686427963030163846e-01
3.511005200187789499e-01
3.761101380555221252e-01
3.463139381677380890e-01
3.461433489161799826e-01
3.492917599150900942e-01
3.508691946213935986e-01
3.619695801457579742e-01
3.408418473484992051e-01
3.529999540327771745e-01
3.733697142861774898e-01
3.364923730142850289e-01
3.347172796568534392e-01
3.392110674090239586e-01
3.335982526862679154e-01
3.569967336172253369e-01
3.479450372569061201e-01
3.189595760809521563e-01
3.391655780443774693e-01
3.637336407710323738e-01
3.477723038148174406e-01
3.453923850038747023e-01
2.874873247444678648e-01
3.771144800325401669e-01
3.408260893427025873e-01
1.492694122424340630e+00
1.044598361949066086e-03
3.127659228604026120e-01
