5.072491151422687805e-01
5.055953077775759974e-01
5.060764875289462950e-01
5.327112179342303744e-01
5.012646722197516835e-01
5.062429684416333009e-01
5.299670688556270548e-01
5.000270773049017015e-01
5.126058789469010168e-01
5.269160027379865552e-01
5.016947241550366865e-01
5.006685387200950910e-01
4.990850451967752122e-01
5.094184395771806928e-01
5.039651218891271212e-01
4.967382626318700423e-01
5.297402949345917378e-01
4.995856466972887766e-01
4.971330771173418372e-01
5.071285371728827540e-01
4.971916562997507061e-01
5.371913122556792874e-01
5.208075009051036375e-01
4.985984803048443825e-01
5.008469552910509437e-01
5.454468663112697069e-01
5.092844140741877856e-01
5.049255291259777678e-01
4.962314783780125693e-01
5.263393757515323346e-01
5.009916343771513292e-01
5.005920712734934774e-01
5.038950018479637638e-01
5.333395828934731631e-01
5.025500212361592167e-01
5.101496421726451347e-01
5.360574220511364896e-01
5.396972944785799475e-01
4.983469100651722883e-01
5.117740218170475641e-01
5.507574930976838479e-01
5.071034778852121505e-01
5.280857042830002790e-01
5.268824375844781693e-01
5.046488008238069201e-01
5.279801907854564380e-01
4.997337482029402533e-01
5.214637407008871905e-01
4.988260634646011771e-01
4.868431802495556959e-01
5.277296896691194839e-01
5.151666970428310233e-01
5.046094242932954721e-01
5.236914541028270254e-01
5.053059058317443952e-01
5.372974723616680270e-01
5.200718069829128876e-01
5.278962461600382738e-01
5.033631590381848486e-01
5.331535951683965546e-01
5.084000600549354321e-01
5.136378941594073044e-01
5.150768008481435567e-01
5.319679949179034750e-01
5.024967446763316525e-01
4.986946740932381439e-01
5.026143158662813581e-01
5.384552725980312760e-01
3.193967810455401457e-01
3.432537195092155713e-01
3.300383322942873066e-01
3.599256673479157564e-01
3.034181718790250337e-01
3.410501001545950817e-01
3.310182434805415963e-01
3.198071852554818517e-01
3.556255801137171435e-01
3.456298671271147427e-01
3.188757950922119222e-01
3.558669448116718592e-01
3.230155087208542164e-01
3.343944217849427747e-01
3.123016558305659052e-01
3.561348043296297949e-01
3.426874999988780979e-01
3.127796272940878697e-01
3.308043634744264883e-01
3.537105809235376874e-01
3.394179952409556722e-01
3.769869043606523529e-01
3.348792020709304151e-01
3.336453285827375992e-01
3.164155335346090503e-01
3.419246905566959982e-01
3.177558631544585288e-01
3.323062388754666752e-01
3.372500146298665347e-01
3.355498564120371063e-01
3.019435985455625193e-01
3.034591522916137984e-01
3.139479365084663631e-01
3.590443236073548317e-01
3.235249860132413668e-01
3.474077222731911108e-01
3.404173694821716611e-01
3.666249723585535691e-01
2.973009301296498652e-01
3.428509909230584851e-01
3.486024767038659600e-01
3.307378977509909945e-01
3.563571364718894907e-01
3.492233348593498099e-01
3.307068506661762219e-01
3.773797684657126394e-01
3.271271499930839544e-01
3.369886794403306185e-01
3.195888096958211522e-01
3.549122328997312281e-01
3.502966464742762187e-01
3.147379120444604994e-01
3.297419143790152329e-01
3.580479258484570160e-01
3.402608689710466261e-01
3.772711701847118460e-01
3.329806305857061499e-01
3.417893941051400319e-01
3.187901707754542957e-01
3.334439588688372647e-01
3.184611483407914778e-01
3.352476238818385412e-01
3.398153551328650934e-01
3.414068033655870416e-01
3.137414876660696850e-01
3.097111676495523658e-01
3.117445293510500703e-01
3.689519239953395480e-01
1.458897900249979118e+00
9.893890365157973540e-04
3.381604784836465538e-01
