6.416153360161795938e-01
5.120818751224248677e-01
4.525363132412490441e-01
6.373490026229213790e-01
4.952134329312999350e-01
5.868242071375875391e-01
4.370614988824121361e-01
5.760288163867902655e-01
4.876739291345698057e-01
6.107510425914601804e-01
5.622383301557283275e-01
6.413706240491147126e-01
5.058783502169628132e-01
5.501737541020866873e-01
4.965743352075839834e-01
6.327697500188961266e-01
6.694449705730469713e-01
6.108200782327011247e-01
6.244501854749133773e-01
6.846965093537743519e-01
6.885376930707618470e-01
5.450020657048243455e-01
4.853384748777369584e-01
4.479442284073113512e-01
5.273089887358605177e-01
7.019022728344750384e-01
4.357779972579072791e-01
5.875148492931663302e-01
5.922992106231522724e-01
5.472917246167060545e-01
4.885715981041557354e-01
5.033323423349282955e-01
5.409185141715537881e-01
5.451704932344846322e-01
5.709875135512055833e-01
5.070523266004414165e-01
4.515128222977340955e-01
6.460696304973763127e-01
5.127040881194421251e-01
5.871753572726420289e-01
3.762839767782739098e-01
5.543985790425065563e-01
4.836992862020344508e-01
6.958498520064155812e-01
5.013646074445947676e-01
6.638381287647525664e-01
5.079611418364303743e-01
5.932906703792003578e-01
5.318970275812253679e-01
7.359735754997575041e-01
6.556462859841253321e-01
5.522951514241404292e-01
6.811513716300855448e-01
6.645507663368886986e-01
7.270108440945431960e-01
4.910992817508668118e-01
6.170779323867182642e-01
4.451923975200233752e-01
5.218553129670925328e-01
6.321656878216862507e-01
4.209176507238771014e-01
5.692244636511634148e-01
5.432577939917782039e-01
5.743623186682702553e-01
4.882332288837533119e-01
4.899909595616935287e-01
5.267306125868040922e-01
5.391354753501503838e-01
3.538698241831777502e-01
3.331498431460282461e-01
3.167721388302527363e-01
3.560480689669562882e-01
2.914829674819673921e-01
3.498179127152621914e-01
2.881323675040474153e-01
3.566156210236863244e-01
3.238255760062038191e-01
3.392767610582101412e-01
3.585559408248592539e-01
3.433578681509182884e-01
3.125870606145819131e-01
3.377822704497344675e-01
3.501245051383022888e-01
3.522031379547077568e-01
3.421744165606914190e-01
3.552985997975309229e-01
3.574467668356416938e-01
3.519442802961060823e-01
3.339420244936522897e-01
3.515354205939376642e-01
3.437482701935463680e-01
2.646348114619299086e-01
3.486139670819877190e-01
3.387293025114094802e-01
2.983834579268792031e-01
3.334219232077667572e-01
3.510973161907450790e-01
3.435248028822105448e-01
3.286757097194032973e-01
2.992154242108427398e-01
3.804766616797327639e-01
3.422529115393136978e-01
3.508014814129903347e-01
3.432389530926784338e-01
3.205260891398727940e-01
3.565348972510585801e-01
2.871176211006264967e-01
3.542722617342889402e-01
2.990437663216564679e-01
3.641051350493975103e-01
2.944706020792406953e-01
3.416273687308510332e-01
3.371489685330320563e-01
3.626923148845399569e-01
3.353421172235712122e-01
3.392110827804177275e-01
3.498934353241705542e-01
3.352744133717838193e-01
3.468777842136676060e-01
3.597532539753692249e-01
3.449423568053265332e-01
3.568100050877869855e-01
3.293561034434288604e-01
3.245802247937916163e-01
3.315116974988246978e-01
3.005433024640474793e-01
3.522314638355146243e-01
3.399728754627003302e-01
2.894857698866389883e-01
3.329547745864684383e-01
3.586646979662463375e-01
3.646234327192145463e-01
2.827714025036238144e-01
2.827852250379397359e-01
3.634069679737855219e-01
3.414121371263764693e-01
1.600150964975405543e+00
9.552259352479428684e-04
4.101364245350755389e-01
