5.372421596819259015e-01
5.504185938766051889e-01
5.421594448412014877e-01
5.344632371043233077e-01
5.044316209520747218e-01
5.191246739619413963e-01
5.610440620404496537e-01
5.526312250540617033e-01
5.177953986092848071e-01
5.587946478803261785e-01
5.483440494685842825e-01
5.224730214154159613e-01
5.374133165042691562e-01
5.661268398383469957e-01
5.093248082769999963e-01
5.673108266601489813e-01
5.683605198157360983e-01
5.412563037468997029e-01
5.703157521787883821e-01
5.479015954782269215e-01
5.781892523640154158e-01
5.814294595877308458e-01
5.420757833990134111e-01
5.423196459472172659e-01
5.628041504626035696e-01
6.214756359950203146e-01
5.499219731839417591e-01
4.915869572755761641e-01
5.631307042767291771e-01
5.634672984453791278e-01
5.272052835476653820e-01
5.032543126224127139e-01
5.245805155682752297e-01
5.592582010536167880e-01
5.489546752545125807e-01
5.661467232974682906e-01
5.693021151962135429e-01
4.796472284090278482e-01
5.029819650471542003e-01
5.540351851739144795e-01
5.041796853009590240e-01
5.653228251213716637e-01
5.502236264879144523e-01
5.377192136832988911e-01
5.485977659544614138e-01
5.502979226061929241e-01
5.744409635049453344e-01
5.643145090187161594e-01
5.252378124209975407e-01
5.881784779478013148e-01
5.735372528970935635e-01
5.393978948088241632e-01
5.753739821557584122e-01
5.404706863106539805e-01
5.608065651906917193e-01
5.567192051855835988e-01
6.230880743435617264e-01
5.408188316964891440e-01
5.617918873084359888e-01
6.039293414973367913e-01
5.708448478546670479e-01
5.527029179719116225e-01
5.068828002059209137e-01
5.757872103356902471e-01
5.263489598005393066e-01
4.941829151029393796e-01
5.044929303477782012e-01
6.267696806335797399e-01
3.794899008765408310e-01
3.426240354534952348e-01
3.358192227362775117e-01
3.668405045320982660e-01
2.951090782584737671e-01
3.475695428832639711e-01
3.380402841279825377e-01
3.543356296363988078e-01
3.695617469781742326e-01
3.585505476949731318e-01
3.612856344278602694e-01
3.982286624779239337e-01
3.415713440413658541e-01
3.466058263077445023e-01
3.435606904497683356e-01
3.519881054235945439e-01
3.486467787883013036e-01
3.621993349075050550e-01
3.635573855953184164e-01
3.913055731998044684e-01
3.396091727554153006e-01
3.589961984827697572e-01
3.315265014459206072e-01
3.507580218502804881e-01
3.566578090668217071e-01
3.384984160955722410e-01
3.210587820955408955e-01
3.341083307150159998e-01
3.543471643056413933e-01
3.492741352542464983e-01
3.399794069468438096e-01
2.934294849715974873e-01
3.809579301469072643e-01
3.459386091246580697e-01
3.721846740683880106e-01
3.431168200111125444e-01
3.499927051793161881e-01
3.209669815689577543e-01
3.005595473054772371e-01
3.644114263591063385e-01
3.399350728852408854e-01
3.250007723819333671e-01
3.565615933381418579e-01
3.476912232452143980e-01
3.649225605102336956e-01
3.925328551287789458e-01
3.418639996192967545e-01
3.372576828435008278e-01
3.627644717593619950e-01
3.439068012878970237e-01
3.555318217868277952e-01
3.634624902537635371e-01
3.489565745408500508e-01
3.476255011096984204e-01
3.429901129410340976e-01
3.516585995954754074e-01
3.260241215903246226e-01
3.456626165884740254e-01
3.519304245172377166e-01
3.429011464752909077e-01
3.032631161680641729e-01
3.263126664638075769e-01
3.415158810366619169e-01
3.482155496353765423e-01
3.358287155072518515e-01
2.824144040867699879e-01
3.736848978593391157e-01
3.330179886351101737e-01
1.520504878695797313e+00
9.955264435623069428e-04
3.499415625034162369e-01
