5.709935603238376345e-01
5.284881909890621898e-01
5.717927778280478268e-01
4.920732654775726300e-01
5.075263058378802761e-01
6.016324890984511287e-01
6.469494703091289711e-01
5.774934714025898863e-01
5.532385396842544045e-01
5.553092746798863333e-01
5.166197713641658140e-01
5.366254895980323569e-01
5.223520520018489766e-01
6.071332321914327812e-01
5.073307111468597919e-01
5.430818750440754572e-01
5.994082650243733879e-01
5.319107360726936795e-01
5.236361894403821493e-01
5.073536620206232639e-01
5.920546781632526345e-01
5.486754217415968915e-01
5.658427062598893054e-01
6.041055537387324259e-01
5.136261471888549091e-01
6.399446285109869903e-01
5.277109164866781166e-01
6.202360559157450437e-01
5.999211870486533815e-01
6.150811235382732667e-01
4.935096096532831655e-01
5.041398594891735030e-01
5.220108148591796615e-01
5.649189818319786394e-01
5.440910687372415566e-01
5.688502183288993708e-01
5.570110454185600579e-01
5.341628062902655794e-01
5.069170045016776482e-01
4.933802706806990623e-01
5.722539406947980689e-01
5.185440512032178928e-01
5.690552472997179034e-01
5.002656650732912880e-01
5.603745333158547393e-01
5.064096430254791947e-01
5.258877042020867476e-01
5.311732698828863786e-01
5.072516628088703516e-01
5.727217059850991943e-01
5.222630971212046669e-01
5.398238575456473232e-01
5.134303277090948026e-01
5.332858949802511406e-01
6.816915870277802103e-01
5.561176853448243085e-01
6.124444780255976495e-01
5.811641518498864567e-01
5.372829440506902143e-01
6.428478256856299256e-01
5.509992460210051402e-01
6.477946302900051689e-01
5.652039712570373631e-01
6.265978278277986036e-01
4.963536084740584053e-01
5.256294690450239449e-01
5.146193300328439912e-01
6.466974672556330406e-01
3.745866171763750918e-01
3.697030932399147929e-01
3.260146700926760954e-01
3.834142112954826431e-01
3.163626376187394507e-01
3.667250832167576191e-01
3.302174391852215063e-01
3.412465092922298826e-01
3.632732463557994396e-01
3.529496155443554439e-01
3.663714230207917311e-01
3.594205126399712680e-01
3.464449493384378354e-01
3.434588557940632114e-01
3.253224475990887377e-01
3.411013101302418637e-01
3.307155906659776101e-01
3.577672701746122397e-01
3.631853488954189246e-01
3.489639980461507474e-01
3.405629471777711914e-01
3.651344520570399821e-01
3.253102632761911694e-01
3.288509533468515489e-01
3.663027207049159850e-01
3.267397839677192439e-01
3.279132165110415498e-01
3.190740143904290949e-01
3.400221809129002071e-01
3.430829579420460185e-01
2.796198020807215134e-01
3.397631196456286085e-01
3.845642675168380875e-01
3.435001032812211585e-01
3.854676080209777922e-01
3.536588031801898291e-01
3.742753181122772665e-01
3.865499025895228757e-01
3.473507321501937972e-01
3.719643270816064273e-01
3.295297742798374285e-01
3.629254080110779213e-01
3.585213325262538997e-01
3.697613607229376931e-01
3.516178715181233483e-01
3.478878516865152593e-01
3.479538999201093330e-01
3.541845903416219188e-01
3.535640126876490874e-01
3.405807446435046293e-01
3.517030460514869450e-01
3.552248191021789570e-01
3.653546659121363893e-01
3.935880755113748131e-01
3.309164997661698804e-01
3.590092674659299266e-01
3.199436324254621988e-01
3.244135273890366156e-01
3.677225211175152997e-01
3.303159151232730184e-01
2.985857004452911467e-01
3.159377731284904178e-01
3.595411969702944632e-01
3.400470992934245262e-01
3.151773851715484742e-01
3.440368434576334677e-01
3.750839309283264256e-01
3.417966064286906414e-01
1.462361630936725998e+00
1.024086724933213075e-03
2.959004828910797302e-01
