5.119662231783580486e-01
5.005301854454635713e-01
5.209969776609147951e-01
4.997702875264699585e-01
5.055914265584873224e-01
5.176003877099418782e-01
6.666781075546867052e-01
5.556341750276633240e-01
5.050848490077201047e-01
5.246114787453588502e-01
5.236322843873580934e-01
5.075377686303348401e-01
4.865698939425222025e-01
5.501207091745542455e-01
4.990580076675110721e-01
5.261986820943814758e-01
5.375479962336381368e-01
5.036801841571555416e-01
5.420146124200190263e-01
5.011029057018620003e-01
6.096569662222047770e-01
5.054578662584569004e-01
5.615438715340526077e-01
5.049000695454137766e-01
5.039938733973894358e-01
5.722412131284512204e-01
5.291181830836927391e-01
5.507418477186561967e-01
5.121393758137000596e-01
6.004224435864042864e-01
4.967481361560676656e-01
5.051934900939784034e-01
5.069854789918324389e-01
5.328236369367896907e-01
5.172760639411329020e-01
5.035070990521057777e-01
5.275695933179246344e-01
5.000261986843875794e-01
5.044850406213683414e-01
5.233498578470890950e-01
6.749123331299444750e-01
5.255823653136281193e-01
5.029173064180406660e-01
5.761420024557413200e-01
4.985433713663858235e-01
4.960173652866479155e-01
4.973678349921821229e-01
5.754425121226892648e-01
5.043914785270461332e-01
5.564068134114640296e-01
5.113327528336588657e-01
5.049892907962930666e-01
5.311005342003058960e-01
5.178791813476696371e-01
5.674985071538460879e-01
5.197886184884527028e-01
5.502377701842722235e-01
4.948119937252650757e-01
4.956636955458311178e-01
5.299182223904393974e-01
5.221055667733282002e-01
5.151084025020002954e-01
5.332056868248423731e-01
5.249821169824414602e-01
4.946823095213851995e-01
5.072658820622961695e-01
5.074659384149415864e-01
5.135702414974798735e-01
3.423426537774440503e-01
3.466691658237343043e-01
3.326120127292597206e-01
3.556019967036523899e-01
3.053739802686490923e-01
3.437642516019037697e-01
3.291883654532460346e-01
3.551164600179523290e-01
3.742935217771649059e-01
3.232294776235638545e-01
3.778396779218270995e-01
3.337449619483097152e-01
3.259498966216862192e-01
3.366152114201884649e-01
3.171055650821022476e-01
3.568664533676110806e-01
3.489399734169900680e-01
3.279391398064983587e-01
3.890634010196174497e-01
3.433342294745833079e-01
3.437779833078393188e-01
3.667169932564047219e-01
3.449345862096285242e-01
3.638276181034049706e-01
3.117951134544037495e-01
3.431328755560346111e-01
3.228166944929611870e-01
3.502415823629607683e-01
3.437693595306905991e-01
3.319802262738350551e-01
2.885175653103729809e-01
3.165854958408050868e-01
3.142800777697495884e-01
3.779732332705148523e-01
3.805298428275922795e-01
3.097099063804065744e-01
3.383651720584975320e-01
3.715451307647141266e-01
2.984582748378817318e-01
3.654848345107457597e-01
3.320907272132316845e-01
3.467482528486915960e-01
3.741411057831344755e-01
3.446389768009382459e-01
3.443300492084205300e-01
3.516569925903203497e-01
3.179538835114613660e-01
3.397925678443174391e-01
3.170922265056407841e-01
3.487184671900960264e-01
3.659423635935649122e-01
3.150752729334873048e-01
3.944770676159085609e-01
3.485558855744818607e-01
3.478389042217041038e-01
3.784572571610904101e-01
3.530901671828040600e-01
3.635517113915893161e-01
3.170338511802316406e-01
3.437925999989870918e-01
3.202831519561689100e-01
3.545030627555069702e-01
3.845230887729765845e-01
3.667242595716133091e-01
3.044814217710860027e-01
3.229399950483915482e-01
3.105021818890166263e-01
3.807554971371786001e-01
1.462847239651577258e+00
1.012402491646419459e-03
3.101111296980074705e-01
