5.265648715651849443e-01
5.613280876454562751e-01
5.517643501192234234e-01
5.102355263961049214e-01
4.937750422108200254e-01
5.655958138901905352e-01
6.035419155279692083e-01
6.148805953972384941e-01
5.364316457282850559e-01
6.314280658930616630e-01
5.393415606708792387e-01
5.076876171139700356e-01
5.797101229764480834e-01
5.699050945935828505e-01
4.967803027417857509e-01
5.976910605125673737e-01
5.682266850244855894e-01
5.120333945442470114e-01
5.485252521364898382e-01
4.979553830589610874e-01
6.263519177777265856e-01
6.089786947293853725e-01
4.998750537932543647e-01
5.737153807715370535e-01
5.314518089723727634e-01
5.723705865504170598e-01
5.016714365438428302e-01
4.850641529068845936e-01
5.133097871384686428e-01
6.298924786738020476e-01
5.114895261689035300e-01
4.620374670447958132e-01
5.112625340955819775e-01
6.099233961191042885e-01
5.297034882691795676e-01
5.440323245373025474e-01
5.401627140266177518e-01
5.044141074501209410e-01
4.965309590664140349e-01
5.376643462822947583e-01
5.286545261218658087e-01
5.606599051267655565e-01
5.421273950303781008e-01
5.064119629427085156e-01
5.365304893819058396e-01
5.200781553148252634e-01
5.700564833363690465e-01
5.686963487870898559e-01
5.055813750268762785e-01
6.108284216248293097e-01
5.804028912357614978e-01
4.913938945314120788e-01
5.443223032962449803e-01
5.228383039877144700e-01
6.480764876646869510e-01
6.111222266069721298e-01
4.998152389763758641e-01
5.265414321722903246e-01
5.168250540153115358e-01
5.580377780955042555e-01
5.004543060763713136e-01
4.726064932829489029e-01
5.392248242597109664e-01
5.251876467861789077e-01
5.454212835553868821e-01
4.948682422636488387e-01
5.057155456324170517e-01
5.872118989791623722e-01
3.687462632300314014e-01
3.686290168339946827e-01
3.330175394774256836e-01
3.294133851573786687e-01
3.063126851655988414e-01
3.546113758965872553e-01
3.389531791260440019e-01
3.665071725032161276e-01
3.683359224058954107e-01
3.539774150250069584e-01
3.900189919951708162e-01
3.566493631006720788e-01
3.715296293742241795e-01
3.407214149234011336e-01
3.200903102182435789e-01
3.434038634584503646e-01
3.402921692521772568e-01
3.482345657616295886e-01
3.692872135752283680e-01
3.338878975626985435e-01
3.375486034767142818e-01
3.643194804569780954e-01
3.460404781409563979e-01
3.359957213613427029e-01
3.784135116387758457e-01
3.403526745446449064e-01
3.229849805464348744e-01
3.306792384564897769e-01
3.422236462910395183e-01
3.577653003382469388e-01
3.523926641840654517e-01
3.258261572573051823e-01
3.469425913140757878e-01
3.579567637568429328e-01
3.727468432143493104e-01
3.539978926438809848e-01
3.337124798129683656e-01
3.295061315160572324e-01
3.058257537170982476e-01
3.301391364965202690e-01
3.365623833713124458e-01
3.497729445027971118e-01
3.640812080684101559e-01
3.228605410645959961e-01
3.667151797084777232e-01
3.459447505229078512e-01
3.653629685254367598e-01
3.310859796551364198e-01
3.144353163494170156e-01
3.380930247859593174e-01
3.493189792772497526e-01
3.060885317212480028e-01
3.784194832970685929e-01
3.308597315592489707e-01
3.417208055674673672e-01
3.617358505318342687e-01
3.492342864769861221e-01
3.378727502473882205e-01
3.701339311081893735e-01
3.358795493890203154e-01
3.214641820012873463e-01
3.336827697109477353e-01
3.244919375248050408e-01
3.401450377574637973e-01
3.509476165873928188e-01
3.026126431551369178e-01
3.299659212760392424e-01
3.409684431664908866e-01
1.477622121997348437e+00
1.008072592995303950e-03
3.165689313628550772e-01
