5.233317845140040836e-01
5.155692279158031743e-01
4.454321560042148187e-01
5.835232533998634397e-01
4.972844595454872230e-01
5.763045561047627219e-01
4.994565250068462858e-01
6.301344703366280608e-01
5.794349351806153958e-01
6.040496641983394976e-01
4.914906572516278827e-01
5.446201609644625297e-01
4.974849293025971342e-01
5.701987639226375748e-01
4.990000047669501115e-01
5.781220161285062220e-01
5.392622203854458007e-01
5.073698345279588073e-01
4.970198996748736997e-01
5.502546895510481706e-01
6.828987743980180491e-01
5.448935304814572778e-01
5.347836303148282289e-01
5.677268523475420547e-01
5.046168926694368784e-01
6.308117225895983893e-01
5.511879235737143778e-01
5.684354576454858643e-01
6.245912308269025992e-01
6.846399962776210657e-01
5.059838884881411314e-01
4.857554001282426981e-01
5.017112822120661786e-01
5.696895432786918123e-01
5.224772446851226881e-01
5.066104094725945028e-01
5.524717598393227291e-01
6.328998284282753017e-01
4.952240755243156323e-01
5.384346752744819664e-01
4.621550814827234399e-01
5.626977158022216097e-01
6.044846731692430364e-01
6.174338456437368228e-01
5.641232102579241126e-01
5.814282832028661030e-01
4.983155663772603772e-01
5.194852741131124052e-01
5.180260418325071115e-01
5.710049179709407730e-01
6.010857795415595062e-01
5.327015233613768830e-01
6.153024302133537349e-01
5.397900388507312908e-01
6.763270413419291138e-01
6.675398726120082005e-01
6.762910268208613962e-01
6.553879403484108579e-01
5.134962343808238128e-01
6.349035091754404725e-01
5.558645031012550142e-01
6.584897554461175417e-01
5.902840604622613396e-01
6.549016765451519673e-01
5.746123057107512810e-01
5.042058980065694529e-01
5.314248712546665310e-01
6.818569919639764221e-01
3.618907290811639310e-01
3.547069644999549243e-01
3.435007887393576875e-01
3.631620707416408078e-01
2.943810887471691173e-01
3.778498195430543549e-01
3.389951510656733502e-01
3.474565831285819084e-01
3.528517498278028186e-01
3.496087117553496326e-01
3.384407423630776957e-01
4.003199349390247908e-01
2.680654136678214949e-01
3.256955331361750527e-01
3.222321694027317496e-01
3.451664774464022756e-01
3.496695422521557406e-01
3.470587433368956254e-01
3.485938774128822248e-01
3.987235226417725764e-01
3.326434512672767352e-01
3.502861700334637951e-01
3.318988474581547332e-01
3.421001305960392203e-01
3.393050708248300795e-01
3.329145814919969859e-01
3.335104058520214632e-01
3.257333435295416968e-01
3.486465983478321262e-01
3.410336989904664828e-01
2.781615110229129217e-01
2.890910134169663581e-01
3.841709461929477820e-01
3.465877150284427111e-01
3.680684695288305996e-01
3.603863590631035119e-01
4.077475459450630724e-01
3.606546065070885265e-01
3.078281672994008233e-01
3.683004697377856851e-01
3.422940305640601033e-01
3.665571042350471709e-01
3.468016789697026536e-01
3.498887651340116256e-01
3.747553480688614602e-01
3.821610014875848060e-01
2.647084669964816506e-01
3.172903631299959781e-01
3.711328191858167536e-01
3.453589922368630050e-01
3.467603189073892866e-01
3.581655466793957077e-01
3.439977654658400996e-01
3.931371202762583006e-01
3.358198133973046562e-01
3.423093334308490721e-01
3.156091063480042092e-01
3.280806057454894176e-01
3.518824699398560019e-01
3.306620940620467186e-01
2.900788311060190638e-01
3.188447718828747446e-01
3.518908470509256592e-01
3.437401578130737101e-01
4.928038361900010655e-01
3.145144906054023193e-01
3.914829481890902962e-01
3.392176338372850375e-01
1.519907544051717130e+00
9.629624852945531735e-04
3.595847765647827710e-01
