5.844481636438464411e-01
5.085690257082426946e-01
4.771729143941565998e-01
4.408731561114119790e-01
4.933062744401151556e-01
5.555485971658992161e-01
6.498550011651549330e-01
6.074854645113277885e-01
5.004646246193777959e-01
5.137636944372062642e-01
5.122273682278870588e-01
5.112278339295904805e-01
4.910649889991155481e-01
6.512448096278374843e-01
5.034770466421893964e-01
4.869480737235015178e-01
4.922956209034591857e-01
5.005247211069211444e-01
5.115549725352763755e-01
5.089417153554099960e-01
5.259623152476748942e-01
5.262637910909693240e-01
5.137188993071413190e-01
5.484704763631025326e-01
5.101243617289337173e-01
5.229501460577817840e-01
5.070453139546060584e-01
5.294315766564640091e-01
6.379652484184025196e-01
6.231468528355567082e-01
4.958171618884081866e-01
5.005728285732589100e-01
5.100707655454977951e-01
5.176641667616597164e-01
5.460286284251165689e-01
4.998267581740237220e-01
4.938460845145481448e-01
4.766579372574656914e-01
5.033987421694094966e-01
6.110453451974233730e-01
5.811077090056948613e-01
6.089025173798321422e-01
5.350417941320372295e-01
4.596278304350127630e-01
5.302328190134470987e-01
4.774278486779793829e-01
5.095010849719416868e-01
6.183280326967304230e-01
5.080916015734988633e-01
5.154033244604474540e-01
5.076172218388365076e-01
5.068198359312248158e-01
5.470432890020167083e-01
5.505065729793269247e-01
5.437046354369112766e-01
5.053601596352428338e-01
5.217252926873023888e-01
5.319800631892587228e-01
5.034692733036231216e-01
5.228441357594975081e-01
5.054540711762336436e-01
4.985653976281494426e-01
5.222258143981761691e-01
5.926852426095519100e-01
4.971571392051475358e-01
5.090566498305805210e-01
5.039242713382601213e-01
5.692781372078781210e-01
3.974605383641202638e-01
3.334736564207471665e-01
3.356727115067943967e-01
3.356465909735826258e-01
3.014937984506744217e-01
3.726608302832284947e-01
3.298232875499972905e-01
3.465558313671564528e-01
3.505256826112926882e-01
3.423442132470660981e-01
3.403821954122699944e-01
3.445797287939600384e-01
3.302224199863507126e-01
3.423429230457856742e-01
3.307399650970312410e-01
3.614817790160264610e-01
3.535007839371159255e-01
3.268272557297435821e-01
3.369499530928035114e-01
3.311503093940258990e-01
3.447415859869840116e-01
3.393687413097182248e-01
3.422297219521046041e-01
3.380400105132425614e-01
3.257349051025161812e-01
3.501466105818800689e-01
3.162195959491995167e-01
3.303965663757873483e-01
3.489284229395375192e-01
3.403998861207169213e-01
2.899716124882869561e-01
3.370566603967951047e-01
3.469639623024843855e-01
3.482644206251740426e-01
3.838276651583176768e-01
3.305522929595900439e-01
3.430792165495808455e-01
3.324086124467048875e-01
3.042963739965544590e-01
3.456320315254536313e-01
3.298604076549614961e-01
3.621522942919365717e-01
3.402623271893335799e-01
3.326682507114109288e-01
3.437720312416732704e-01
3.319832173519117746e-01
3.273085869348329457e-01
3.500431033363288758e-01
3.376198281495586540e-01
3.619182133766720710e-01
3.493601880170485452e-01
3.357993255487817796e-01
3.446899683918272506e-01
3.460620995044573767e-01
3.391722918791305608e-01
3.473063978692437770e-01
3.425538877097661916e-01
3.367976248086363977e-01
3.264790099992522232e-01
3.516304669905163105e-01
3.160432853409112508e-01
3.326423265078504721e-01
3.478730974984411972e-01
3.440888725569634654e-01
3.240074507405177884e-01
3.357861079715960262e-01
3.249531067887278524e-01
3.436755505046221737e-01
1.546941647257482622e+00
9.994835002101946746e-04
3.872094844693783067e-01
