5.175281479033499998e-01
5.102331552467013198e-01
5.449110187479828671e-01
5.268807245157485220e-01
5.035404657033892839e-01
5.152611862245014551e-01
5.597360589426666477e-01
5.190682180004506652e-01
5.053003457180248459e-01
5.161928904337339530e-01
4.912365142588797640e-01
5.164046344247225084e-01
5.007207242492081045e-01
5.339142965736186630e-01
4.985494525834858748e-01
5.663289496463965733e-01
5.925459164358674036e-01
4.972944540894549403e-01
5.116737355010743116e-01
5.188243264719596404e-01
5.418806604273110894e-01
5.058444005309693514e-01
4.997132546013288157e-01
5.529893415560568348e-01
4.966961357697687873e-01
5.968727944477772995e-01
4.985224580323982524e-01
5.501760581409489426e-01
5.248941504628815702e-01
5.351430765879006124e-01
4.965127370245788208e-01
4.967448562884951291e-01
5.048383730692869165e-01
5.388223645252412375e-01
5.222685242547997486e-01
5.195480818119794231e-01
5.383502045423204097e-01
5.514827968228710464e-01
4.994557776239219038e-01
5.096444417801052618e-01
4.972867821691593360e-01
5.357287715552425666e-01
5.000152426892798818e-01
5.105224365111811213e-01
5.079942177176636209e-01
5.153714110658632608e-01
4.995259527175958669e-01
5.180909060689740109e-01
5.053259036415507222e-01
5.548594696336864862e-01
5.505118692878192554e-01
5.020018143722450032e-01
5.026387600799002708e-01
5.336184030519683930e-01
5.856234493367390437e-01
5.163937302503343041e-01
4.800587406791789746e-01
5.359090644389498115e-01
4.960429545703544663e-01
6.085491031295325870e-01
4.963767129525448185e-01
4.946582945046533730e-01
5.111002427239941248e-01
5.430634876189194271e-01
5.030569823226703763e-01
5.037617874967267317e-01
5.031682493088657226e-01
5.247192565352095661e-01
3.446151029287633505e-01
3.469324154444979880e-01
3.335228738452489239e-01
3.652910909270754569e-01
2.997754120303338099e-01
3.524396853633847138e-01
3.358469380920925396e-01
3.422309029834708638e-01
3.334808019439068349e-01
3.429560694795244502e-01
3.355857787828326333e-01
3.800312158226133441e-01
3.080482426722305767e-01
3.495297474315058883e-01
3.207712951259822920e-01
3.466553591683104174e-01
3.514697481090029996e-01
3.168158603531149309e-01
3.597249483481004262e-01
3.761009715778707574e-01
3.396388854963353077e-01
3.582213150500534460e-01
3.425424144728043130e-01
3.464094175783360985e-01
3.142080814516121090e-01
3.394944214659796344e-01
3.197549538727495477e-01
3.243160882464579120e-01
3.518830614550322866e-01
3.421328716147739590e-01
2.951853150940406678e-01
2.972483036426228353e-01
3.325236555624728196e-01
3.540892010535380274e-01
3.581046333995991926e-01
3.586233593448778234e-01
3.350010717348678724e-01
3.821509381794566118e-01
3.134591686865268456e-01
3.437470613256378704e-01
3.379160320725125843e-01
3.612043003641947081e-01
3.495855297718750698e-01
3.599045519114285052e-01
3.411024962360962864e-01
3.266081229261817431e-01
3.108837540517183640e-01
3.459151918474096532e-01
3.567464434635761461e-01
3.460834904269610157e-01
3.548858507510081473e-01
3.241413498674973193e-01
3.525134242416931296e-01
3.658546996198077106e-01
3.458606984201320622e-01
3.532101505658266638e-01
3.462577792466098314e-01
3.447360558669741448e-01
3.134638603453476224e-01
3.440614431518044802e-01
3.210176244209911878e-01
3.386991708143340385e-01
3.571004083161835041e-01
3.430246517730828892e-01
3.083109742367340367e-01
3.003420726962299780e-01
3.211799861558846669e-01
3.493631292949365696e-01
1.491171687797094858e+00
1.020551463465080083e-03
3.227053155810263863e-01
