4.750487147380562658e-01
5.072391203519315273e-01
5.215760178726452923e-01
5.118871549279508937e-01
5.068974132581307579e-01
5.185083097305277500e-01
4.801791889984692863e-01
5.321891518028950552e-01
5.107980899897284210e-01
5.189274359818978333e-01
5.049616709840695217e-01
4.866965115459024882e-01
5.167144165789316901e-01
5.024193379363650624e-01
4.923940098291998968e-01
5.318238339417475924e-01
5.229707574819355553e-01
4.726036020907746771e-01
5.322990814885769639e-01
4.903535466091867301e-01
4.560333859074205409e-01
5.100838715917428434e-01
4.695594797552097299e-01
4.922740386217287489e-01
5.051898131247101187e-01
5.378899867105895183e-01
5.164859116357581881e-01
6.583026360621518913e-01
5.303638921616696811e-01
4.696078537846449796e-01
5.142057187866764245e-01
5.096199092330171432e-01
4.796193123573572192e-01
4.940870062257585182e-01
4.997013692448771804e-01
5.135838982299577582e-01
5.263702571892616700e-01
5.231657603719769289e-01
4.964937505863026845e-01
5.219998131924014073e-01
4.819439705775096505e-01
4.934857436219723392e-01
4.826325022059366199e-01
5.043946390127987955e-01
5.146728956561025248e-01
4.986453250279890836e-01
5.048993875839933310e-01
5.402313863907876046e-01
5.078305137239842448e-01
5.439898039934063512e-01
5.165074953221566734e-01
4.902313156434970343e-01
5.123781759685186454e-01
5.241587156058705732e-01
4.922333328140885422e-01
5.328129838456383549e-01
5.411410834794142533e-01
5.024293664653101121e-01
5.060789366984995707e-01
5.501691468144358499e-01
5.205176432407380149e-01
6.251423581332178347e-01
5.153020220056998557e-01
5.067108441161966015e-01
5.025759179948595667e-01
5.061284047209541059e-01
4.965095515279804306e-01
5.109315867960549928e-01
3.269112011142016327e-01
3.257801226779051262e-01
3.336986872243661306e-01
3.673071195600689509e-01
3.052544694720885632e-01
3.503458523478559239e-01
3.311192097684746982e-01
3.607421718172946767e-01
3.515366142599464783e-01
3.657198363109137040e-01
3.180321809041888326e-01
3.401067147992187789e-01
3.162288655548305960e-01
3.333141897133537479e-01
3.095226869819783788e-01
3.430600527751658246e-01
3.451515969433052722e-01
3.096916252053849017e-01
3.364618911339951057e-01
3.337987549777899909e-01
3.268593982782086460e-01
3.664884053423492771e-01
3.183893900198065952e-01
3.277064076954341876e-01
3.139937275437582609e-01
3.548536137231572685e-01
3.145189539973503035e-01
3.220986426543159808e-01
3.502733511585383042e-01
3.310677675803847531e-01
3.112128498343643690e-01
3.122589174893328212e-01
3.127927773326130145e-01
2.988668868059096706e-01
3.172180994684401512e-01
3.261149135228149087e-01
3.415974597586833861e-01
3.715691836356067035e-01
2.992579801170607290e-01
3.529395079143906044e-01
3.371514394581824337e-01
3.520370147341790878e-01
3.637760858843299139e-01
3.712366015678096876e-01
3.241063046761381572e-01
3.526630475146819155e-01
3.108326336002398271e-01
3.619595488687648022e-01
3.143336877872013324e-01
3.181216629440847821e-01
3.605422651475615470e-01
3.124789409656676398e-01
3.361594003560139376e-01
3.447085741060160191e-01
3.239988361503672309e-01
3.767033386470966527e-01
3.090326673350187181e-01
3.375831911088392201e-01
3.116361191461246016e-01
3.579772839406007434e-01
3.129097719393147403e-01
3.008542839917934253e-01
3.572665420291770699e-01
3.280347710151448326e-01
3.040122414484888180e-01
3.121625952663896197e-01
3.075314915762314416e-01
3.313302127337344194e-01
1.886938189979950886e+00
9.823767149369176926e-04
3.087011422527804472e-01
