5.102188190328699191e-01
4.872147765801038144e-01
4.871082768207513070e-01
4.820752207694967706e-01
4.918820496543965803e-01
5.189597563702530447e-01
5.750123934226090139e-01
5.266203802418067959e-01
4.851751245467059159e-01
4.851396226009645485e-01
4.935553379101276228e-01
4.866071958268879949e-01
4.890939442999977516e-01
4.917489202698296924e-01
4.916989448866021517e-01
5.184645546585679998e-01
5.125823412999718220e-01
4.883833962098237391e-01
4.902221516883761843e-01
4.966043628489362205e-01
5.611721869013691633e-01
5.371766851518889885e-01
5.107046659768663677e-01
5.652941861962100800e-01
4.887627093016500557e-01
5.857274020107779977e-01
5.330754541980955441e-01
5.440022067077999735e-01
5.170086216548556157e-01
5.006819537193504255e-01
5.095110431803132611e-01
5.005084301061601959e-01
5.037946454654718131e-01
4.902676827699581352e-01
5.115476601358962538e-01
5.159159763417986433e-01
5.253540169135811899e-01
5.568148888193640289e-01
5.007625125783670139e-01
5.564699060507706241e-01
5.335049610620382632e-01
5.686498029905432405e-01
5.721063006242450566e-01
5.144834597606715576e-01
5.128412827093443704e-01
5.078001361029657046e-01
5.161724795372254482e-01
5.696631760023862512e-01
5.232910392441479930e-01
5.397905144143095857e-01
5.362276844077837890e-01
4.975448423346642279e-01
5.409907672260254596e-01
4.983642393571966478e-01
5.493622962070313642e-01
5.628313063296085383e-01
5.848023224660147124e-01
5.424365861895704688e-01
5.138930486532311548e-01
6.136092279579470343e-01
5.936105752175988570e-01
6.427835917225022122e-01
5.593653782335367142e-01
5.683501057271549417e-01
5.210133902615341484e-01
5.120522395219270217e-01
5.311343507005976683e-01
5.809763823242024561e-01
3.644284243215816232e-01
2.771057796399558626e-01
3.453159740865805460e-01
2.768925224925700146e-01
2.755092039367966206e-01
3.494480811930619768e-01
3.608454140165300861e-01
3.337114229386619613e-01
2.864428691416124884e-01
2.648010396767433439e-01
3.092177678285001896e-01
2.595981302679737368e-01
2.710074555857371892e-01
3.150155375564231974e-01
2.731833142187130581e-01
3.514412055550053537e-01
3.399417680996739133e-01
2.652307966229752179e-01
2.865430332293849025e-01
2.835819415216247474e-01
3.408085418800907984e-01
3.603412973119270446e-01
3.307207676341163416e-01
3.526007466488368935e-01
2.698050780286443406e-01
3.248690451512302180e-01
3.344912685292484866e-01
3.100517618662845254e-01
3.744876989701050873e-01
3.313346189887581006e-01
3.032541622045249463e-01
3.044716551575034624e-01
3.321059347577334231e-01
2.644970501263902429e-01
3.632639752522446863e-01
3.658142717601267635e-01
3.985069137534714145e-01
3.586027270484946627e-01
3.152415285887915641e-01
3.606371041588256054e-01
3.461162845443652158e-01
3.517649021190225045e-01
3.643009686875240405e-01
3.482306040609810527e-01
3.756545001950694629e-01
3.798916854027332701e-01
3.360050019150120915e-01
3.352337548192165784e-01
3.719318243234376320e-01
3.358307489248233968e-01
3.548414093349256393e-01
3.733007583276028996e-01
3.701834474318022594e-01
3.010630495707931065e-01
3.489122046428689283e-01
3.458586689059594543e-01
3.085076437288178930e-01
3.390381628864422847e-01
3.696074131566205456e-01
3.274961349585864823e-01
2.748963702157861122e-01
3.153705907832823341e-01
3.586655376236650983e-01
3.412930073560011546e-01
3.645783190973043153e-01
3.303701882248586963e-01
3.712958177719946629e-01
3.429675795202807853e-01
1.741616223966484078e+00
9.998954314398378427e-04
3.718788574319693008e-01
