5.371631857858701897e-01
5.291413801674458295e-01
5.019743016157058868e-01
4.767111703141380663e-01
4.807901911327805422e-01
5.550111715514906008e-01
6.072022652209859706e-01
5.902258817180108252e-01
5.790464498197234189e-01
5.224199620332240501e-01
5.120058009160426415e-01
4.954699781035959982e-01
4.962602048257015452e-01
5.919729878417026026e-01
5.110948829980886954e-01
5.438334531134909611e-01
5.258881599858441502e-01
4.951260281306116284e-01
4.979866628403868400e-01
5.142295626873383263e-01
5.918262279649997293e-01
5.799753492032030389e-01
5.325402058891780532e-01
6.263081395302935173e-01
4.948654331556722741e-01
5.242645028501522475e-01
5.510251375653077988e-01
6.022104429483376986e-01
6.038511371206297662e-01
6.098970218675252575e-01
5.015182340179366038e-01
5.033611793335410756e-01
5.100098773803121155e-01
5.514615421735884482e-01
5.037296917011248043e-01
5.406771735779405397e-01
5.360679503080306718e-01
5.765167137035686062e-01
5.030897701036051162e-01
5.656353509819849190e-01
5.655014712425563417e-01
5.435260081140917965e-01
6.083590828161128394e-01
5.945935161052467999e-01
5.703689878329764040e-01
5.464023852880943721e-01
5.099036606413726025e-01
5.390457763387038748e-01
5.365181848402664766e-01
5.693927370193654358e-01
5.346470126113306298e-01
5.643895394339168980e-01
5.655598064525506619e-01
5.613768967279134658e-01
5.926152223853575762e-01
6.067172300014033182e-01
6.809478344472787992e-01
7.026620322672172403e-01
5.326450613202275974e-01
5.628908765645491696e-01
6.543447566490634415e-01
6.781961912880648535e-01
5.826434025960341989e-01
5.909256468487255054e-01
5.163864278947021269e-01
4.941058015607696086e-01
5.401914567736901818e-01
6.897717341861725471e-01
3.636838019502388608e-01
3.300523096325149175e-01
3.381822362227876466e-01
3.531409727989360814e-01
2.992454398119104853e-01
3.720243427631419464e-01
3.453521017074968058e-01
3.474433446077470622e-01
3.699287980826468369e-01
3.494765930920901709e-01
3.566565773180281895e-01
3.208369662308696024e-01
3.053968679393684327e-01
3.415913060080980612e-01
3.209076082414463182e-01
3.488421810529217515e-01
3.402679461078315648e-01
3.283822618581714869e-01
3.296200320511880055e-01
3.812323149436649405e-01
3.416529976674892999e-01
3.603812035543738079e-01
3.288234150351442286e-01
3.369341243853776757e-01
3.156083827472408454e-01
3.382361054565970471e-01
3.282040823569435939e-01
3.221660549498643888e-01
3.621621891357350020e-01
3.454887696955190046e-01
3.053860665459088852e-01
3.181871538490613771e-01
3.548383394908326549e-01
3.310648896861370649e-01
3.527881236491981487e-01
3.505279356891916609e-01
3.688765817939125280e-01
3.381237327273696747e-01
3.005250189114325732e-01
3.345807816169030224e-01
3.390449859551039613e-01
3.459606609108454855e-01
3.542290353610814679e-01
3.434410541104321313e-01
3.674352463187255946e-01
3.540848984271572353e-01
3.142555120623662379e-01
3.456981550036081763e-01
3.637255933144796227e-01
3.430173798385043882e-01
3.565915192221804642e-01
3.631698612556847339e-01
3.539660155815529952e-01
3.433902737164183372e-01
3.452837723415320137e-01
3.526204017884886910e-01
3.117185147318419225e-01
3.240952792830490981e-01
3.529237420828922334e-01
3.450802867188546563e-01
2.864653483449299265e-01
3.124860341450894641e-01
3.637845505476951513e-01
3.539419503434643177e-01
3.337906443789727673e-01
3.083667048327846660e-01
3.919067382593945936e-01
3.426622675973958199e-01
1.620068854413081905e+00
1.042087230510496242e-03
3.867976598932739152e-01
