5.438761122971337292e-01
5.190779173820527781e-01
5.504468306355184692e-01
5.073741615013128703e-01
5.121474152879306185e-01
5.972999190949866977e-01
5.668974101961770096e-01
5.795354380375402625e-01
5.446307325663297672e-01
6.454657646944259586e-01
5.287944452766842884e-01
5.428381060858036289e-01
5.455587246501886201e-01
5.398770103394441300e-01
5.206271374869807511e-01
5.464596837143160801e-01
5.794942274827042938e-01
4.918221197369993525e-01
5.228074185951581132e-01
5.250412152917104391e-01
5.796132860538808496e-01
5.679343734576600689e-01
5.224004911992734534e-01
6.004866191875189996e-01
5.209161117084631920e-01
5.797404726090202853e-01
5.286908905503477918e-01
5.463809270852205691e-01
6.195350956098425454e-01
6.198709722491133611e-01
5.144986277203055236e-01
5.034767461568322444e-01
5.113335479410490159e-01
5.628218680413098474e-01
5.379397041723005257e-01
5.520295175406865207e-01
5.527974058260695100e-01
5.403274266464732634e-01
5.090007863209595751e-01
5.501099354288079279e-01
5.811896700750567302e-01
5.673144916138355143e-01
5.780637774400457785e-01
5.637585888047295102e-01
5.207159614200450592e-01
4.999511675892593932e-01
5.230700903945237901e-01
6.181927108810850724e-01
5.285941801944517016e-01
5.639708390616650080e-01
5.682473654436107635e-01
4.939432958658205863e-01
5.391741323340594194e-01
5.161100706010307571e-01
5.803682157405093411e-01
5.885802410420755137e-01
5.060933356122840898e-01
5.472527545398346849e-01
5.241243989215584875e-01
6.162741264155960907e-01
5.228697210590437239e-01
5.677342401532150529e-01
5.808289536870456793e-01
5.779336455132536576e-01
5.109506629543948408e-01
5.068245522784727841e-01
5.122210820053074709e-01
6.457762977153561623e-01
3.559953096772998093e-01
3.508526610377125099e-01
3.308645400124893277e-01
3.694271812813730294e-01
3.163122995431639217e-01
3.520076844294839358e-01
3.321089288717403165e-01
3.431393600660002652e-01
3.584481221067755685e-01
3.328457936062624856e-01
3.523712989652512673e-01
3.412952431452246360e-01
3.611443396908832759e-01
3.315500754620231416e-01
3.602835583731545666e-01
3.604199551533613377e-01
3.462968495580699413e-01
3.439378096991267397e-01
3.633077958931631435e-01
3.525268484087760723e-01
3.401022568764615062e-01
3.562430336910302198e-01
3.372003798815730313e-01
3.360421960057729529e-01
3.545963415971404298e-01
3.472905476614501774e-01
3.152790999265423499e-01
3.272083491760638951e-01
3.459443748996376411e-01
3.392249368961166023e-01
3.678706865014090277e-01
3.181615934236731169e-01
3.527125306999971399e-01
3.431720974681358727e-01
3.508932424754996893e-01
3.568050173336559383e-01
3.317797032109403577e-01
3.764814884003485074e-01
3.363461253265661588e-01
3.517068183285069760e-01
3.304342254684988212e-01
3.514115156918957705e-01
3.640463422587163489e-01
3.525927328077047007e-01
3.387803022451644219e-01
3.234142917376370274e-01
3.457921295402143214e-01
3.347033353140138612e-01
3.603226264386117927e-01
3.581635902804323202e-01
3.637820742394171081e-01
2.873564367901877969e-01
3.644548679075679809e-01
3.396942899471086519e-01
3.425800339424359686e-01
3.457851800321253832e-01
3.456476329878203080e-01
3.384669921872917597e-01
3.646764510098948198e-01
3.434907945036907440e-01
3.162024131132496474e-01
3.287436728684609011e-01
3.500262429393314889e-01
3.407258545410561945e-01
3.425895033691707114e-01
3.225162918841111837e-01
3.443330160712048671e-01
3.337269024872497325e-01
1.466194024905949744e+00
1.010035070784719288e-03
3.080815692525430971e-01
