5.212158219754130517e-01
5.166485648252117091e-01
5.349573665349017793e-01
5.392212698476073207e-01
5.019249755778619759e-01
5.665974591506379721e-01
5.903297960495474950e-01
5.856802177117798047e-01
4.882180005234295628e-01
5.520313224457973345e-01
4.990723865964699080e-01
5.351199246287674516e-01
4.943238377141044859e-01
6.341011018141544664e-01
5.061829579919258082e-01
5.396449803104068632e-01
5.813133749089730573e-01
4.994530580461529756e-01
5.287122012405993665e-01
5.143467104832059045e-01
5.319173762218523116e-01
5.097329307860717362e-01
5.432088455234610480e-01
5.515067409405450816e-01
4.961616326964448098e-01
5.919089048323172841e-01
5.441670285755216829e-01
5.210584482523319405e-01
5.105993662771718400e-01
5.234328105017309607e-01
4.985477571390656282e-01
5.026620118990733355e-01
5.037215553544477364e-01
5.060035573989617452e-01
5.113748855145245908e-01
5.181708260421977741e-01
5.370232008670908774e-01
5.211103684930583624e-01
4.980525116281978582e-01
5.086632714676295741e-01
4.963391402239822336e-01
5.341659045858270227e-01
5.383292085309271391e-01
5.042215861671998089e-01
5.073741303013915571e-01
5.193266251299355485e-01
4.986000019290333651e-01
5.445506830935696874e-01
5.147562842968621544e-01
4.981057779402060515e-01
5.449367392920200226e-01
5.018497911328810845e-01
4.891239974230961463e-01
5.086645916886295415e-01
5.301018427264169164e-01
4.978191954941094122e-01
5.282060122746788933e-01
4.712774414888770136e-01
5.002448976919660062e-01
5.844759222064478399e-01
5.398036436314442854e-01
4.371703827590290303e-01
5.096545373434618886e-01
5.243570639758978746e-01
5.022863249978523070e-01
5.022217532903876513e-01
5.054130612591962723e-01
5.830998683506735114e-01
3.473308570716280297e-01
3.621354863222153164e-01
3.318265411790560226e-01
3.460387194301439151e-01
3.048599717753198157e-01
3.582820895616244394e-01
3.336800405837865857e-01
3.477897244714164837e-01
3.540722246382198013e-01
3.457267024682854628e-01
3.496699387886016974e-01
3.292764855606850061e-01
2.984387163514313213e-01
3.419064356024469897e-01
3.326530815896032167e-01
3.560325979171001243e-01
3.444625584911057414e-01
3.243838812682472983e-01
3.680464110149472834e-01
3.661443511362398318e-01
3.441226319473752460e-01
3.773030363586754032e-01
3.458871874307550831e-01
3.488260529179605385e-01
3.239112038509716074e-01
3.455452702182674751e-01
3.199936663284311811e-01
3.346238465524100092e-01
3.570037313296195447e-01
3.533368670496018771e-01
2.925965770430594692e-01
3.021704712434081230e-01
3.408237007199295676e-01
3.664784262201983278e-01
3.637411137335905820e-01
3.633663912533715012e-01
3.347445093458485954e-01
3.447541545727389467e-01
3.002524996623974207e-01
3.458652401547380739e-01
3.507904870869293923e-01
3.520856407148935108e-01
3.827145594656228833e-01
3.572521652259935676e-01
3.491841675075023077e-01
3.427824573779240658e-01
3.089171148629315522e-01
3.504565272195879211e-01
3.525688273055787580e-01
3.524760146179540254e-01
3.615683827037651787e-01
3.326456230796492330e-01
3.625109837076774810e-01
3.379928850819283181e-01
3.498680212724085137e-01
3.713220980966422391e-01
3.500567936403776725e-01
3.536535733079133048e-01
3.052967164795877819e-01
3.441753005826901357e-01
3.191141611843642534e-01
3.486514384529078581e-01
3.537894132366596334e-01
3.741291681664070112e-01
3.048273745669267676e-01
3.046690513065975492e-01
3.353618011692048317e-01
3.757976749104299796e-01
1.456690173872813299e+00
1.024279266921799018e-03
2.747295538806366899e-01
