4.913266218453692380e-01
4.754342112799408437e-01
4.883086005860226564e-01
4.897624365510059308e-01
4.896179657145588449e-01
4.862892508868318919e-01
4.771721963943442724e-01
4.960015042363928317e-01
4.893076364770350128e-01
4.926724643174029139e-01
4.885062721285378662e-01
4.922751435929383357e-01
4.897421295051375134e-01
4.964227790452013789e-01
4.930459077558232428e-01
4.813652924818128120e-01
4.911066780148094502e-01
4.775831502437633547e-01
4.844937068709594952e-01
4.788726678274364823e-01
4.713389995258078780e-01
4.836053190104006028e-01
4.799962988616210957e-01
4.886689232333903954e-01
4.889285223688807358e-01
4.965180326921722065e-01
4.891516808780166370e-01
4.866612632245284620e-01
4.905871848611663699e-01
4.849769455884072045e-01
4.868018496877231649e-01
4.874192246189022470e-01
4.807895637962231739e-01
5.250038150550774274e-01
4.693136140007593271e-01
4.885255704688872824e-01
4.908999986688273864e-01
4.870938105040258370e-01
4.890870736253553064e-01
4.900256562292542029e-01
4.856164659186285038e-01
4.903038085824010794e-01
4.935051322516986194e-01
4.947809769577587446e-01
4.911155698707013739e-01
4.850862731868776367e-01
4.926277996869226072e-01
4.923759815004276064e-01
4.900759551371137723e-01
4.893408966381060932e-01
4.919863166267671728e-01
4.909768534778999882e-01
4.871515030868991958e-01
4.926845233653141531e-01
4.917654229932765797e-01
4.932077229186000999e-01
4.778880100826870536e-01
4.905681372278887231e-01
4.761360740851240392e-01
4.934330550702863416e-01
4.621583524196615778e-01
4.854695676590402575e-01
4.937649866553552869e-01
4.642970381180312467e-01
4.677167701877253947e-01
5.085296805512102836e-01
4.978044504287247873e-01
4.971876409744367953e-01
4.891865735883473842e-01
4.966678965953150171e-01
4.918265770070579523e-01
4.867927315654624332e-01
4.948535781417448542e-01
4.920116937351959874e-01
4.917374662439720212e-01
4.900671172825383781e-01
4.934335989150960278e-01
4.946637562725197945e-01
4.818738808524233863e-01
4.897648722843364610e-01
4.901968541895129761e-01
4.927997230140004903e-01
4.927563013731894315e-01
4.937434335073130898e-01
4.924816087355095018e-01
4.928610003759011371e-01
4.949324549981648502e-01
4.852645993958443205e-01
4.981027610583944054e-01
4.949956295915899918e-01
5.071248624014548234e-01
4.950625621071789717e-01
5.051103646724075524e-01
4.936009256913717613e-01
4.818939204123383058e-01
4.935489508341938114e-01
4.935092210875300367e-01
4.964845666203547836e-01
4.877622542973079622e-01
4.846661532127450323e-01
4.850176315773832014e-01
4.680960800133763255e-01
4.923801396001409869e-01
4.866642068441112134e-01
4.842825768163050437e-01
4.909819362814568100e-01
4.931631285688239386e-01
4.888671475224496965e-01
4.887079418526106833e-01
4.962046899864875904e-01
4.874528072605524565e-01
4.950375218233926677e-01
4.895750902355158196e-01
4.811767983697094464e-01
4.666263300628578636e-01
4.777700992031197469e-01
4.875934491226625034e-01
5.183254851071188440e-01
4.881439375765579958e-01
5.200576732323586304e-01
4.764009150134045911e-01
4.830126082125191234e-01
4.997769210563755560e-01
4.876053504775055836e-01
4.916228151656101830e-01
4.740037262490254255e-01
4.726127670309913653e-01
4.908168330262835388e-01
4.969466209370844156e-01
4.915274608466155826e-01
4.904251406629632215e-01
4.962578974835685774e-01
4.925046864796269186e-01
4.934016347123601487e-01
4.909450859935922673e-01
4.842905533246471550e-01
4.873941820198023911e-01
4.868596005853226827e-01
4.908862780641548018e-01
4.883624101999499145e-01
4.827494395249246617e-01
4.852127362255329590e-01
4.902005543753832906e-01
4.900648396243195148e-01
4.923808821214366027e-01
4.868797513247943298e-01
4.730663792762965780e-01
4.903516158756986987e-01
4.968060859296346554e-01
4.926333890777818691e-01
4.951803236952677101e-01
4.902393378912622834e-01
4.642150995543553038e-01
4.777688363709497454e-01
5.540090482489945511e-01
4.824835014361062990e-01
4.788406593238718756e-01
4.812082361672054276e-01
4.825071962806916637e-01
4.793618154195632419e-01
4.711660405817790220e-01
4.738716670625433003e-01
4.739178856891783642e-01
5.060358067323272868e-01
5.266823543371111915e-01
5.099588545902138392e-01
4.925780563773018983e-01
4.708948013087469464e-01
4.917035797727888902e-01
4.928187102193193891e-01
4.960584922026048393e-01
4.812768933378125391e-01
4.879919690874127136e-01
4.858263495440021118e-01
4.918458523044705877e-01
4.867590820510422911e-01
4.992442285166845961e-01
4.953817509217438020e-01
4.868596180307106502e-01
4.802653503934742329e-01
4.939247583072748360e-01
4.842164947943120579e-01
4.880812907696512881e-01
4.928510434150480402e-01
4.917414359858883754e-01
4.856819798659008924e-01
4.646394900384798743e-01
4.949869657546276946e-01
4.935587635861110045e-01
4.933979609828789692e-01
4.948426595063828426e-01
4.936364709049246291e-01
4.902341569107466213e-01
4.937044634906966323e-01
4.938382942474099369e-01
4.679373762898114686e-01
4.850230387865805959e-01
4.867107782871003541e-01
4.760668300090014626e-01
4.784096960695654599e-01
4.796657610684970652e-01
4.730713478488566825e-01
4.817657009072733310e-01
4.844462512074702576e-01
4.846187970126559774e-01
4.971466805314657678e-01
4.873729137067302486e-01
4.842455191491352173e-01
4.896129779948876215e-01
4.884243875312567207e-01
4.898770372874145518e-01
4.847032504178768741e-01
4.813806855418391040e-01
4.806647210988142516e-01
4.845169046497789234e-01
4.901120917048302772e-01
4.877600682656993980e-01
4.839122078417466000e-01
4.910033727084007205e-01
4.948423256292691086e-01
4.853895764745935204e-01
4.929669351536488664e-01
4.938902315256137321e-01
4.946871718963491982e-01
4.926042322825500697e-01
4.863688914396674390e-01
4.904661565352394503e-01
4.882699819722384760e-01
4.897534158906978741e-01
4.839702819661422240e-01
4.900687677168432677e-01
4.924164317397550228e-01
4.859779034957845134e-01
4.959813023018155298e-01
4.967068499077804677e-01
4.927473675210699566e-01
4.832711573262725713e-01
4.923124285424639868e-01
4.827623821199733545e-01
4.937189533417644660e-01
4.694863505482630983e-01
4.896028247055773108e-01
4.980261917778031067e-01
4.731692506308495250e-01
4.756639736785215899e-01
5.025988488873707194e-01
4.975172289945128390e-01
4.953566383814831386e-01
4.907717273795703661e-01
4.975370086183075746e-01
4.942665879259631745e-01
4.897662300995540563e-01
4.963202531547139529e-01
4.934263178008728712e-01
4.934802028258746254e-01
4.899575376390537529e-01
4.932316224108568292e-01
4.945913104474705113e-01
4.915688618640797758e-01
4.911368283221634323e-01
4.918202723260973741e-01
4.975646014319586308e-01
4.932853165239195481e-01
4.945614698181617364e-01
4.916610612582332784e-01
4.953818121746421665e-01
4.937156098055009990e-01
4.783535148092702416e-01
4.914570960387771859e-01
4.899780032680998154e-01
5.006598396152548425e-01
4.867036314264283070e-01
4.868570506566902156e-01
4.973209244011114194e-01
4.835331374447449648e-01
4.940389962123661327e-01
4.941910350602340407e-01
4.951128230799866081e-01
4.900941936165991719e-01
4.849284809724890288e-01
4.807949958588781936e-01
4.860651108276540233e-01
4.811162465656363962e-01
4.873098357630573640e-01
4.880657655953585250e-01
4.910478053318469427e-01
4.740491396076338959e-01
4.928809899011659668e-01
4.947502585801799024e-01
4.870149601889658397e-01
4.892780336949912323e-01
4.885934379287748541e-01
4.883160626219307798e-01
4.963519700595145911e-01
4.887460349412816596e-01
4.874701175550460452e-01
4.909206458204370960e-01
4.970363932117951022e-01
4.948314257932046600e-01
4.641558653580202254e-01
4.869376370458367020e-01
4.918527144207529567e-01
4.822214121866541525e-01
4.877795335707338364e-01
4.882601421073377579e-01
4.753243437507597147e-01
4.791151077004656145e-01
4.847460542732590083e-01
4.898446092862951962e-01
4.917583152062592333e-01
4.930492699451763383e-01
4.889769878932963554e-01
4.935809595106100400e-01
4.956477893378767319e-01
4.889742717307696274e-01
4.925564169733768205e-01
4.918990759004123747e-01
4.877961139177371397e-01
4.852419942575675882e-01
4.892915516851710223e-01
4.856729021957965631e-01
4.863205674908409604e-01
4.914399425319338488e-01
4.873768986741731646e-01
4.891670473935891272e-01
4.824779950171987908e-01
4.853324235422420418e-01
4.939293078568338657e-01
4.957339718239400228e-01
4.933012641559882949e-01
4.964658041218711348e-01
4.863387584660825991e-01
4.779620494004789832e-01
4.638446569930415597e-01
5.123151541398548448e-01
4.776345003299226621e-01
4.880390723117717378e-01
4.757804621631094855e-01
4.783129991797251956e-01
4.672795693970414610e-01
4.734222101061976717e-01
4.758792016216478182e-01
4.703832090925962883e-01
4.934315188251315876e-01
5.386240645203090871e-01
5.175733086435662100e-01
4.943326604897250731e-01
4.843527414130562869e-01
4.850563852963448719e-01
4.914674383294713733e-01
4.937660534994707806e-01
4.834849789872048831e-01
4.814980014717997747e-01
4.840559825146770745e-01
4.899420444802923269e-01
4.836006765858537060e-01
4.941337176333823189e-01
4.941262575797812362e-01
4.897332117439101573e-01
4.754719585386772973e-01
2.870235137833868633e-01
2.547995953247317868e-01
2.810996533370884176e-01
2.841479916531835515e-01
2.839600723475901312e-01
2.786607165458626079e-01
2.596783582125716250e-01
2.940203134717387923e-01
2.827684766458426480e-01
2.883483500553923884e-01
2.782915796438656386e-01
2.866897792197297123e-01
2.842135582732920884e-01
2.950930856482254505e-01
2.894080967105501778e-01
2.669454488191208563e-01
2.841836408897407407e-01
2.620529416366251252e-01
2.740476559671367607e-01
2.622355452560988787e-01
2.478219741777607787e-01
2.727340711405736307e-01
2.639264399200167421e-01
2.825836667327074614e-01
2.813825651486080437e-01
2.945752089150217023e-01
2.817939080363587312e-01
2.753686911212889776e-01
2.838978868657534016e-01
2.760938651510634889e-01
2.779568917237517089e-01
2.932469208438455710e-01
2.820072307032502335e-01
2.924605813657706332e-01
2.791911578353529766e-01
2.788900373029675750e-01
2.850096762154343266e-01
2.784513269024925242e-01
2.812495964864594189e-01
2.829828333143041275e-01
2.738392804152839366e-01
2.835564885792765666e-01
2.893572315929112126e-01
2.920492720955230603e-01
2.856397374940054523e-01
2.734401490737526363e-01
2.877332815570882163e-01
2.872337312919211461e-01
2.830372398919218102e-01
2.822159916338253804e-01
2.874762624563305113e-01
2.856823757474694636e-01
2.774432418028889846e-01
2.878779189048228382e-01
2.869469454005572073e-01
2.885427798769900631e-01
2.708997245340111215e-01
2.837271973552184523e-01
2.672808112444802764e-01
2.889076879243389628e-01
2.556309866909208806e-01
2.747516108460686945e-01
2.897634282261271066e-01
2.516367828903273707e-01
2.736504797899110830e-01
2.966317472991812920e-01
2.971080271328377376e-01
2.952793810836975008e-01
2.833128460845100172e-01
2.949233547195943550e-01
2.854539250575593434e-01
2.789435528915712448e-01
2.916691574325387948e-01
2.867399741042416239e-01
2.862247354608538075e-01
2.831368304327994689e-01
2.896845050314556524e-01
2.913282899174457485e-01
2.641129416608831160e-01
2.841356030466394289e-01
2.826430819686648888e-01
2.878673845788808361e-01
2.881823445311004761e-01
2.896872302208889360e-01
2.862133886773024494e-01
2.883857883208067463e-01
2.917112815508126622e-01
2.816908702626680916e-01
2.986062396414307374e-01
2.918072639583091932e-01
3.058752618929211908e-01
3.012364197950539446e-01
3.043954978534129108e-01
2.921664108191232012e-01
2.655270645080113345e-01
2.899020877559465026e-01
2.888092981361016776e-01
2.935010901173547015e-01
2.789442530339204529e-01
2.746678116988492402e-01
2.790777197428004341e-01
2.745593069599632785e-01
2.861449211792879144e-01
2.771545948300366269e-01
2.726146443393034913e-01
2.855800148614061063e-01
2.876350070641381373e-01
2.801758611453279979e-01
2.800414163218654662e-01
2.982746695450276264e-01
2.780395335765146747e-01
2.965161028307872204e-01
2.828002032575713809e-01
2.761065235497887072e-01
2.540183393608478335e-01
2.598060592161487992e-01
2.790770059999020947e-01
3.096153551875371890e-01
2.819924003179052341e-01
3.111213986943247023e-01
2.580051886923654947e-01
2.787347079904001768e-01
3.032266955392715624e-01
2.777566402218167863e-01
2.856201574212949845e-01
2.726858027744424873e-01
2.565721646568793202e-01
2.839073543163989077e-01
2.956293310224089033e-01
2.852479452608961408e-01
2.842899009631246754e-01
2.936559555754796880e-01
2.882351885361644772e-01
2.884218575707416798e-01
2.851008023214741671e-01
2.720696838902581516e-01
2.780778517549761797e-01
2.792167110225238225e-01
2.846543257733203380e-01
2.805293678012639735e-01
2.687078477578782043e-01
2.757247998208672835e-01
2.847246303344603824e-01
2.835503689228912050e-01
2.878458547240622112e-01
2.769777022203332439e-01
2.504820691912946762e-01
2.846134642206598619e-01
2.954081782099510778e-01
2.881414443692079108e-01
2.921390175458187244e-01
2.841354018516700775e-01
2.358438696187166173e-01
2.666641195588696500e-01
3.283072422481544406e-01
2.695151893133130860e-01
2.627182268869090453e-01
2.683703327046414455e-01
2.707446314739488935e-01
2.664889184406412093e-01
2.720029792865385487e-01
2.725952589633746093e-01
2.551177605384284952e-01
3.067835794154338824e-01
3.113810335772863591e-01
3.022858097414041767e-01
2.872271670504288887e-01
2.500522169428670005e-01
2.856425470352382812e-01
2.875983870695952849e-01
2.937917177327060148e-01
2.625080871676629402e-01
2.778914392301610192e-01
2.734218340626626831e-01
2.867431275652934097e-01
2.725611069039277079e-01
2.993048681765826391e-01
2.922453357124169537e-01
2.770297100386973077e-01
2.682004195020297188e-01
2.907000795715830033e-01
2.720213292499827351e-01
2.805984538765601277e-01
2.894047741739040336e-01
2.879748833124468055e-01
2.780055676006676912e-01
2.396256269663590843e-01
2.931552594511265819e-01
2.905149198216410711e-01
2.887493573244885314e-01
2.904737019253301189e-01
2.899451199485392761e-01
2.854897590643264427e-01
2.901645886287199105e-01
2.910824008661307971e-01
2.410527476183098594e-01
2.750730318548384457e-01
2.785169455577787279e-01
2.573108869994975567e-01
2.670549675339781714e-01
2.654387960279892544e-01
2.524411769879699174e-01
2.674775630347533406e-01
2.709781407306065537e-01
2.733960974368324637e-01
2.952950599528925135e-01
2.789937693116983919e-01
2.715001047046571858e-01
2.824503837150525443e-01
2.822339100474569595e-01
2.838676422886769468e-01
2.908250347364999544e-01
2.783101370462217616e-01
2.852273282126879805e-01
2.883797139544270194e-01
2.812504328593115055e-01
2.785646481320216417e-01
2.732166867484293049e-01
2.845982469007060645e-01
2.918566465957597167e-01
2.729671637349977420e-01
2.890391900864281993e-01
2.903738969182187435e-01
2.914279678980377097e-01
2.880291030750111725e-01
2.767616365638965736e-01
2.834722402064800417e-01
2.799143514620943130e-01
2.820607911416390112e-01
2.716278639983734644e-01
2.840171275705954956e-01
2.881384826612088390e-01
2.754557911635925338e-01
2.937115957200930327e-01
2.951726045865969983e-01
2.876170148704057516e-01
2.842662528036851155e-01
2.879708757003046626e-01
2.710876671121872361e-01
2.899846029575608441e-01
2.669805817018289229e-01
2.831962277468945133e-01
2.973846992695632352e-01
2.622990982718780284e-01
2.746619354624735831e-01
3.013701651779664981e-01
2.961862958599356666e-01
2.920182363549592708e-01
2.855120934993933268e-01
2.964309762094031186e-01
2.905603939514946887e-01
2.835425441065791419e-01
2.942014937464671465e-01
2.896416789690920424e-01
2.893881148067501408e-01
2.830111640495711622e-01
2.893144981617070122e-01
2.921881877816576156e-01
2.852568961127137093e-01
2.832200694811925490e-01
2.863427333731290436e-01
2.960972937314398923e-01
2.892610483526342202e-01
2.908195669721470034e-01
2.857549206074158632e-01
2.927605614693289393e-01
2.899435480241959739e-01
2.671449833660294870e-01
2.858624922159346826e-01
2.831188325564671371e-01
2.998369524214841153e-01
3.079086362794865583e-01
2.853627161306174220e-01
2.971589976350366147e-01
2.693199014978410188e-01
2.904758738357351988e-01
2.901745727965951427e-01
2.905144863528202892e-01
2.835192403963093799e-01
2.742510581871849817e-01
2.664919045802572883e-01
2.772015279769826090e-01
2.635957064173426456e-01
2.781616131292340421e-01
2.798139907550566408e-01
2.844062954342510552e-01
2.566715032515186623e-01
2.888391381366330335e-01
2.904869083351109826e-01
2.829422987675552781e-01
2.812505277174359719e-01
2.812605996763744010e-01
2.790369121163218669e-01
2.944190889576797643e-01
2.812953929368758321e-01
2.774562792292722957e-01
2.851687716286561702e-01
2.971677416785430403e-01
2.924559314445245861e-01
3.058820762882588640e-01
2.777263370083069005e-01
2.888895981689299508e-01
2.683563663632124729e-01
2.787206602157434321e-01
2.801303277268163416e-01
2.712779478648118525e-01
2.699257919925859839e-01
2.727276655726889598e-01
2.829707963142225058e-01
2.865055583780969362e-01
2.890559270592153451e-01
2.806243845490110633e-01
2.894963306789052337e-01
2.929626183292192154e-01
2.811656632515097676e-01
2.870341718193506475e-01
2.875017777726271428e-01
2.800750067523645748e-01
2.733318999691261020e-01
2.818874758212350229e-01
2.738792038936482820e-01
2.771772017331730620e-01
2.867977034968646755e-01
2.769645382962033220e-01
2.818089805744939946e-01
2.695817626367645325e-01
2.744739357275257641e-01
2.904417464454716047e-01
2.934986194863465903e-01
2.893107536742596797e-01
2.946926423517140514e-01
2.775484644507638099e-01
2.683170357502790981e-01
2.425680959351823041e-01
2.914140929945165936e-01
2.597341902121269586e-01
2.797649747403577192e-01
2.579564991334271085e-01
2.624265795424793879e-01
2.618556375211196774e-01
2.639548210271283613e-01
2.732787705502044417e-01
2.486482070136224465e-01
3.009315687358518621e-01
3.137850290427818267e-01
3.090085618247159216e-01
2.909089543667372491e-01
2.811406879823486471e-01
2.728017113339403221e-01
2.854810494267300269e-01
2.891732874917787854e-01
2.677005112607437343e-01
2.651218506215132220e-01
2.696355248973046348e-01
2.841202648717145451e-01
2.696717744082967050e-01
2.899451755848511114e-01
2.913578902739733523e-01
2.825065188008257788e-01
2.657752962915154726e-01
7.417484499683785204e-01
1.004367733272116354e-03
2.374877050557848424e-02
