5.145056734169640711e-01
5.029567609320655386e-01
5.203611140546747782e-01
5.069906606727734300e-01
4.994991151005321872e-01
5.318752665132064905e-01
5.592331133056037684e-01
5.498121604034410526e-01
5.118951922667664967e-01
5.228544609140668431e-01
5.032471215321114855e-01
5.001659499025246092e-01
4.985982822820795857e-01
5.476058105220718009e-01
4.987222877161628376e-01
5.140007892895727126e-01
5.187628530812494754e-01
5.005910193850624523e-01
5.028779785698939131e-01
5.019625957356589341e-01
5.368626079033463894e-01
5.156367691764578431e-01
5.176361894143080011e-01
5.183962424537195135e-01
5.040172241401986719e-01
5.124584090816249882e-01
4.903200188448045838e-01
5.303309295612830265e-01
5.421271735320235541e-01
5.615442092958047304e-01
5.066747929051087507e-01
4.996342478659707709e-01
5.021680138916944092e-01
5.027596176147383078e-01
5.104851909076223437e-01
5.179627370482083881e-01
5.433646018359440388e-01
5.303454434780044968e-01
5.043027395101468136e-01
5.613783939970290460e-01
5.344571871413027475e-01
5.527882579275765762e-01
5.540089402871142266e-01
5.259325514202078944e-01
5.306901817403476551e-01
5.278683683117877390e-01
5.088357354629956530e-01
5.355882140456053042e-01
5.181302597083298211e-01
5.257189741903358637e-01
5.270707624857974283e-01
5.214433970852216937e-01
5.307125937493759604e-01
5.015219733357303422e-01
5.203890065540094367e-01
5.422865160138077290e-01
5.215408608686897818e-01
5.566362866936120923e-01
5.194807779457323305e-01
5.149490997841787987e-01
4.914768477651544898e-01
5.242079145889809721e-01
5.408492790691915575e-01
5.443194767165784320e-01
5.116450817198056056e-01
5.169804425787809521e-01
5.055984247370679530e-01
5.365626466811626027e-01
3.672160866365989929e-01
3.352981727030559522e-01
3.520218501399532407e-01
3.671833675798870655e-01
2.993824308036077686e-01
3.586461117754952133e-01
3.405271347935277526e-01
3.426289466906910497e-01
3.679408031960912928e-01
3.672106266766339555e-01
3.384882366480533311e-01
3.288374481774184455e-01
3.085006107021853183e-01
3.510141375869865188e-01
3.009950724996650062e-01
3.337028978491602960e-01
3.515717199826226547e-01
3.153796046640609529e-01
3.428142051812225755e-01
3.489569187043268239e-01
3.475954774583862594e-01
3.704686411203256258e-01
3.331328493165378046e-01
3.560335785970805689e-01
3.270500345638261419e-01
3.464849875338203433e-01
3.234669129273219923e-01
3.385944757697862406e-01
3.608119857498662264e-01
3.555857562114842496e-01
3.498860289835390436e-01
3.090089094523091884e-01
3.447341487533365778e-01
3.545499463867110568e-01
3.583131983230694040e-01
3.327091871884375052e-01
3.606077821236596814e-01
3.382838150887834683e-01
3.269128532501698325e-01
3.547972918440572276e-01
3.377557158941965620e-01
3.494709502730283246e-01
3.644979812371382244e-01
3.365366228220977862e-01
3.558703606280405052e-01
3.369133620306274945e-01
3.409698533047662017e-01
3.363644538847957444e-01
3.603570125333282470e-01
3.248829595369528422e-01
3.430026999922094477e-01
3.527483248496702806e-01
3.549594406902458754e-01
3.386739158202111688e-01
3.448250374898444992e-01
3.551982817877979981e-01
3.388271683781802213e-01
3.463583117901352648e-01
3.488412041301753863e-01
3.428195511294333531e-01
3.173275159208838736e-01
3.336737904361157248e-01
3.746519948232409081e-01
3.486612445027140184e-01
3.315784079702687737e-01
3.550043309314970252e-01
3.459630871136595842e-01
3.347166607052236009e-01
1.777272731386357441e+00
9.939473681145507937e-04
3.217593375649815957e-01
