5.198983105920093051e-01
5.320833152980365410e-01
5.543314504977384649e-01
5.179056715629609675e-01
4.849321143395002864e-01
5.270010785998577862e-01
5.339929479940247470e-01
5.336472943857117901e-01
5.187899809348764935e-01
5.207184155802446757e-01
5.238772583742155042e-01
5.082061910796935589e-01
5.171434492185149612e-01
5.668816186491713038e-01
5.049800912173858514e-01
5.945642226178113887e-01
5.723862960324972438e-01
5.198498278732641698e-01
5.667722390514181585e-01
4.955993934488717723e-01
6.083289100758302315e-01
5.723699896758669414e-01
4.991675053128497574e-01
5.243505550571936347e-01
5.125701832768095878e-01
5.736567767130639206e-01
4.902641220265472888e-01
4.707466227779454337e-01
5.067730533796671599e-01
5.575029109140876571e-01
4.935914119340841233e-01
5.066314742974734608e-01
5.033275646547272775e-01
6.059326827481160693e-01
5.077151043110331718e-01
5.739144747133998470e-01
5.703217134353285589e-01
5.172092992781479603e-01
4.977282516942926893e-01
5.144151404781548420e-01
5.461329333813174092e-01
5.180891708170080046e-01
5.046325074172661740e-01
5.258419633496370649e-01
5.227606173930829936e-01
5.258961769679242337e-01
5.166046029863690103e-01
5.319748898099290191e-01
5.279834187480048069e-01
6.154478936371692299e-01
6.060169059357271015e-01
5.069895966917070673e-01
5.556807815475829360e-01
5.365527156922247354e-01
6.378610417561706436e-01
5.782826648862269270e-01
5.038029973884466939e-01
5.027648886309836751e-01
5.235238336448451157e-01
5.705975480817631063e-01
4.898380343649937907e-01
4.694288685112016912e-01
5.330889116837896902e-01
5.318127784689471449e-01
5.182129466798799378e-01
5.019186092604435157e-01
5.022807178288202223e-01
5.700429739826501363e-01
3.527290040363691426e-01
3.674178537590663818e-01
3.363879394953314672e-01
3.205993478399857266e-01
3.216213268480311305e-01
3.318251649111387258e-01
3.421778065773606325e-01
3.454924043781578691e-01
3.555991350981256849e-01
3.187231114959723222e-01
3.738840787793978881e-01
3.513795809400007686e-01
3.560664870162373874e-01
3.555385537817425945e-01
3.209797116538841144e-01
3.457897851965158198e-01
3.483798434539051025e-01
3.261463196960267541e-01
3.766647114465526136e-01
3.330714539903776861e-01
3.451625666542840754e-01
3.732865703256659784e-01
3.425232372540921721e-01
3.370284753977433323e-01
3.665692937965568388e-01
3.431389454086093416e-01
3.216144894439458279e-01
3.259627002360123704e-01
3.451220835356048067e-01
3.486901754122873620e-01
3.036946305084586295e-01
2.931855052006680507e-01
3.503282946024441902e-01
3.620223631415184773e-01
3.448080046608020255e-01
3.582709503974335075e-01
3.369762252052043161e-01
3.231961365688746368e-01
3.081059278448594063e-01
3.322830601813172580e-01
3.369642086569824557e-01
3.392492920014818503e-01
3.385571184893851338e-01
3.215987448396426251e-01
3.675082477419308602e-01
3.645226667104762286e-01
3.606842766778982634e-01
3.459020162448073754e-01
3.476155636015932360e-01
3.441191029183227057e-01
3.616640432354316648e-01
3.324670215044709942e-01
3.819626063014231465e-01
3.477612303168806096e-01
3.447440124996193345e-01
3.612131912558920743e-01
3.444111269629467897e-01
3.323703728109800304e-01
3.763682534086769116e-01
3.420661659249313868e-01
3.215957285098414720e-01
3.229051145623187957e-01
3.374863553289008111e-01
3.387208294662151786e-01
3.483737630482081071e-01
3.061801064036008824e-01
3.288633964176186364e-01
3.425067801491166741e-01
1.490513314987463644e+00
9.909091896801100474e-04
3.150478006554126020e-01
