5.042733450059776468e-01
4.969895406447326636e-01
5.246628361079337388e-01
4.928199614769646075e-01
4.974970937671381876e-01
5.221968665527211284e-01
5.230547702182842817e-01
5.369826129617775168e-01
5.009920586331334524e-01
4.926965362883309330e-01
4.988927065256833493e-01
4.948802216511481444e-01
4.934193454748891372e-01
5.103961874857324554e-01
4.972874789420080321e-01
5.132935616600096118e-01
5.322345495613551858e-01
4.984080236602114189e-01
4.962667290852319502e-01
4.979669193730815180e-01
5.551163211867664593e-01
5.218568577086521998e-01
5.538024428649162001e-01
5.743397305119717355e-01
4.977700961928346879e-01
5.739010262830204212e-01
5.286709175104279401e-01
6.493177160192684649e-01
5.119523653702577892e-01
5.349859900857749651e-01
4.975979093798372221e-01
5.009494794221991398e-01
5.096266290084621176e-01
4.938117776116974778e-01
5.021798171873426142e-01
5.073618825061375626e-01
5.309778662945866534e-01
5.161459035701749798e-01
5.037083735880953927e-01
5.091115537156815085e-01
5.506650670682511350e-01
5.210267762364421129e-01
5.218512465226161634e-01
5.157788835190667553e-01
5.216396562899064948e-01
5.275023403976986103e-01
5.048766163211447777e-01
5.269494348176032572e-01
5.060929294268757817e-01
5.516834647505117761e-01
5.112252369105095839e-01
5.114062490756319246e-01
5.206100266747837324e-01
4.977922061979437318e-01
5.899108493750041537e-01
5.166074596156237098e-01
5.683089804495476960e-01
6.006912185294094320e-01
5.166175023715392500e-01
5.330486332873176636e-01
5.407940354206786093e-01
6.460437173456181625e-01
5.095620799602471607e-01
5.303291048606593172e-01
5.025699956720184325e-01
5.073829041741804158e-01
5.075336463952735411e-01
5.214431153153563647e-01
3.352672432830655636e-01
3.116706857793581920e-01
3.326420532978696665e-01
3.050892851011038909e-01
2.926256567727813507e-01
3.530850350598479515e-01
3.303308178707919929e-01
3.437451349255641886e-01
3.422745640216841578e-01
3.013746528932869650e-01
3.177725097543963595e-01
2.915420017408044684e-01
2.861141636766646457e-01
3.264448819531753365e-01
2.920194130422820167e-01
3.575724343373615222e-01
3.468890195758660977e-01
3.104815446892872921e-01
3.054091177043272709e-01
3.043849805479851844e-01
3.372189947967429990e-01
3.761917958339018320e-01
3.353613195484214660e-01
3.446149038277619980e-01
3.085574379040824100e-01
3.512422413498186846e-01
3.261027409334199545e-01
3.250626458103452188e-01
3.360858323382574508e-01
3.410101020460487020e-01
3.020998012867813221e-01
3.046684926344795930e-01
3.454681744520913256e-01
2.814818302675894390e-01
3.344852750912216122e-01
3.581748570989898295e-01
3.614022490839645663e-01
3.890576930342094508e-01
3.256425788798438248e-01
3.455275555582468794e-01
3.362495849654871805e-01
3.482899750849741682e-01
3.747220208881680281e-01
3.525272139959272910e-01
3.469290681747939087e-01
3.599201422979602105e-01
3.419618394968785835e-01
3.453220106188674143e-01
3.220426422269851430e-01
3.539468640285474699e-01
3.566682253256521773e-01
3.393430354046303443e-01
3.467480879667181326e-01
3.091400962523024321e-01
3.475125103731861453e-01
3.511915244553979742e-01
3.351183574876824278e-01
3.384645577028388419e-01
3.572585254527578247e-01
3.511166664850935981e-01
3.056629513940508636e-01
3.164179310931771738e-01
3.384718121335995034e-01
3.516398166259839808e-01
3.040325238624365656e-01
3.164677666928380484e-01
3.407105041129436240e-01
3.362151231231477744e-01
1.511342903060076237e+00
9.880165559899248707e-04
3.179159584527517790e-01
