5.405701840072489883e-01
5.463845237297711988e-01
4.530813198950323084e-01
6.000262935648461582e-01
4.962928392948963707e-01
5.525674838283184398e-01
5.367489679246535417e-01
6.323136416287927775e-01
5.816866235992144141e-01
5.878370930876201106e-01
4.981677734468834551e-01
5.704652299547947614e-01
4.948909897411029046e-01
5.489368780942703863e-01
4.962618886626064540e-01
5.893283034988237024e-01
5.848916104857323495e-01
4.945270377659852223e-01
5.763240222728694961e-01
5.137261592359483320e-01
5.541160832070578524e-01
6.094111033436182545e-01
5.417756819866723639e-01
5.685689927058318327e-01
5.459127507536586377e-01
5.697479169228848450e-01
5.298521294365233780e-01
5.680486107880179381e-01
5.814447479577864453e-01
6.144297218324550336e-01
5.255536984425948077e-01
5.075558195822660323e-01
5.211748984038427901e-01
5.686913817717353936e-01
5.553374469746407138e-01
5.619637369030162644e-01
5.979854888844624572e-01
6.339125901901951909e-01
5.047304861474559701e-01
5.512787994723613583e-01
4.406390648943485644e-01
5.571505653689615700e-01
5.879747369745752517e-01
5.865350465578589301e-01
5.504414330245962494e-01
7.252215647378583707e-01
4.946069636110540513e-01
5.910882104974566342e-01
5.373999997639171688e-01
6.208401678238688604e-01
6.248999550632325928e-01
5.493204686807039439e-01
5.844859832739476291e-01
5.560710700266848772e-01
5.541232224194851952e-01
6.909895587452473675e-01
6.545477249115694285e-01
6.256662839854650882e-01
5.256467377338532865e-01
6.553880121254881397e-01
5.457229325373568196e-01
5.868357889677049410e-01
5.921714248771394740e-01
5.868338104497619057e-01
5.101327186280061321e-01
5.313247154498635938e-01
5.447529997976605642e-01
6.391515203164833681e-01
3.576810003937161420e-01
3.602050919465449863e-01
3.172787621063583585e-01
3.547324276255823805e-01
2.945286762289153204e-01
3.558389038452581810e-01
3.240556377302467039e-01
3.430983436457091251e-01
3.548946462650115485e-01
3.412612229419476617e-01
3.440757737684734807e-01
3.377611148958354348e-01
3.182555733602866477e-01
3.266933991011625737e-01
3.330586043982242672e-01
3.386441131598919019e-01
3.395274055907573918e-01
3.013210447346986731e-01
3.563589975934153276e-01
3.804590476848473402e-01
3.472727913310837411e-01
3.508685700113018391e-01
3.283633046812881595e-01
3.370896794387530648e-01
3.621283243253993755e-01
3.437939952020215850e-01
3.307979309963891001e-01
3.269176127736584392e-01
3.381526868562653165e-01
3.428390252716368991e-01
3.605942499854370986e-01
3.100839236846070768e-01
3.759942965936398651e-01
3.529378767691889740e-01
3.521761379924932545e-01
3.537438858119689722e-01
4.208476652032827614e-01
3.480863345616382332e-01
3.233765941439041280e-01
3.530952738088827814e-01
3.288996943678426099e-01
3.521242344381020906e-01
3.530253527398911628e-01
3.359941090127155916e-01
3.598788445071892661e-01
3.408559053958958862e-01
3.091358244987135739e-01
3.349185628909768786e-01
3.583049692263063912e-01
3.383321297812190154e-01
3.522135384694192184e-01
3.631714115542505894e-01
3.570349222079637896e-01
3.669656093827578514e-01
3.460998318105455440e-01
3.427066844688785863e-01
3.140784998868278999e-01
3.239745762861109823e-01
3.581510919087364520e-01
3.265686547074491686e-01
2.827644682637874829e-01
3.251887782272760985e-01
3.505006236149261767e-01
3.545085877786982587e-01
3.435919998037160750e-01
3.948973159481916073e-01
3.525231645495690014e-01
3.268854133752968072e-01
1.465120656297785207e+00
9.737919783156601464e-04
2.656519877687593123e-01
