6.414791401701522844e-01
5.186937531167731263e-01
4.739417204610571477e-01
6.387128143087574816e-01
5.081211716253347666e-01
5.746545827821728514e-01
4.356055272853584515e-01
5.792535933787468228e-01
5.106502429612075344e-01
6.617328097355583694e-01
5.540398993785271564e-01
6.363635012221660059e-01
5.117612718629436230e-01
5.531642395212285068e-01
5.020429737587381869e-01
6.261450489583556545e-01
6.604670766659411774e-01
6.124865317215480998e-01
6.259423167508233465e-01
7.245635402933779945e-01
6.514832974192902304e-01
5.530231976802710836e-01
4.671948549740502776e-01
4.501428671239834367e-01
5.325202109251322424e-01
7.041163353725523599e-01
4.421428011027171423e-01
5.927395275422163712e-01
5.878055087530054124e-01
5.559489608796553961e-01
4.877900764323222504e-01
4.860941818512981016e-01
5.392697871102094531e-01
5.456682262723212551e-01
5.681290894873853858e-01
4.903701192561248923e-01
4.594955734462855546e-01
6.485123437625920362e-01
5.118090237087310479e-01
5.701531308797616049e-01
3.797500005509732990e-01
5.588203284703302520e-01
4.879108444821311230e-01
6.497966035768486526e-01
4.856614854210590804e-01
6.704772574033512900e-01
5.149497836396377259e-01
5.975753616489929421e-01
5.311230270316158464e-01
7.027318611831968598e-01
7.089187030035536408e-01
5.498632651852508602e-01
6.964317490026978863e-01
6.615768821190837201e-01
7.273453696655159950e-01
4.866610469704421016e-01
6.302948223233720837e-01
4.456842201857830199e-01
4.850722095440790915e-01
6.321641858287297966e-01
4.255037461620709283e-01
5.762527913709352134e-01
5.415235919545478005e-01
5.710026071462993569e-01
4.883010012366881258e-01
4.854388816881307078e-01
5.311085765388837698e-01
5.437617635158338292e-01
3.557510518066190341e-01
3.341319305711671350e-01
3.180614056417863655e-01
3.565932986634247071e-01
2.870279905535222387e-01
3.522488278164480069e-01
2.887012878756832213e-01
3.570582657092096768e-01
3.267089317835943918e-01
3.326253839294678327e-01
3.590014354567793164e-01
3.530545403142055227e-01
3.161472250615660617e-01
3.379814174443666053e-01
3.510652272304564669e-01
3.537049912896855774e-01
3.416946525275294522e-01
3.562222558297463704e-01
3.572522780089423811e-01
3.467503084430597071e-01
3.363448877929020586e-01
3.535549665469024938e-01
3.460094098677058971e-01
2.670276709748881649e-01
3.492245242817695883e-01
3.380639343642455330e-01
2.989064509845291151e-01
3.332564737878369043e-01
3.507984568773016565e-01
3.407538777646053063e-01
3.337711615055615755e-01
3.037949250164191373e-01
3.829973985972460748e-01
3.409479781342403815e-01
3.519612580398319701e-01
3.465077888381823401e-01
3.231979375477820882e-01
3.564253953866570734e-01
2.849211341642992057e-01
3.573221379609280435e-01
3.005854759448403080e-01
3.635044731955367481e-01
2.994561506013791452e-01
3.445528174520958165e-01
3.385316199064932752e-01
3.634669576958500792e-01
3.351146346320069136e-01
3.383762115555567496e-01
3.494960764373031270e-01
3.374530913833758139e-01
3.392936335030379835e-01
3.604257261410590552e-01
3.435174933457097457e-01
3.562092176923577491e-01
3.309611382463610307e-01
3.311068208308232674e-01
3.276344633247808558e-01
3.024264759701881800e-01
3.563648805574079481e-01
3.417319814039890824e-01
2.909294918634353078e-01
3.320990513074656425e-01
3.607047258076095941e-01
3.631376342395320478e-01
2.847597224703762309e-01
2.873573725635398257e-01
3.623836932090817586e-01
3.397273106960885247e-01
1.607132463805042155e+00
9.503216632515935772e-04
4.072440793941753401e-01
