5.234025806396850333e-01
5.017883236972608962e-01
5.042884895455195249e-01
5.047726054431588283e-01
4.964932932863731496e-01
5.305779348088489611e-01
5.347278670830504232e-01
5.297261827533171763e-01
5.576821231915439769e-01
5.237234739828299235e-01
5.031577377226442715e-01
5.079436556451032425e-01
4.938276364634705540e-01
5.552743417260900261e-01
5.002089957785965657e-01
5.350097157284446903e-01
5.427105162044355557e-01
5.201055299091786877e-01
5.055185437403914017e-01
5.268583122423141640e-01
5.285406234322381769e-01
4.807328543700114531e-01
5.041740897137382271e-01
5.191597490803827597e-01
4.992303100264802174e-01
5.605583453746600942e-01
5.054286075276300805e-01
5.161303364661133930e-01
5.155729235190740223e-01
5.108708000032103902e-01
5.012936370969823807e-01
5.036856862973803084e-01
5.124487216644666443e-01
5.262987923618089869e-01
5.302614907970381042e-01
5.141895004951098080e-01
5.687007007043229923e-01
5.904022097965195837e-01
5.045822892387503700e-01
5.361630129884967788e-01
5.403756994731744312e-01
5.367258523956739413e-01
5.344171034877800430e-01
5.524818722485531630e-01
5.003193052885097636e-01
5.126720750262051540e-01
5.079235306523659510e-01
5.491887215342102779e-01
5.187509597780647352e-01
5.409664950881384327e-01
5.390142070392348606e-01
4.840092979653862204e-01
5.679994914185805266e-01
5.034858163062314595e-01
5.329158949668929557e-01
4.785998935800608867e-01
4.958521885136314422e-01
5.727469125470396882e-01
4.934338124272126258e-01
5.806275310366522113e-01
4.978571727300986072e-01
6.126801650175287550e-01
5.381478268267839704e-01
5.166449232231926647e-01
5.123143608194431486e-01
4.979732882400156879e-01
5.079650561671894549e-01
5.464787078699627765e-01
3.470822639436122459e-01
3.613315159947974031e-01
3.277483638914435726e-01
3.599406558278889778e-01
3.183428028909516261e-01
3.439718141814159247e-01
3.359072965799037025e-01
3.407161515568395416e-01
3.682476644089281437e-01
3.408165306114815940e-01
3.416326780824343601e-01
3.566793561122375000e-01
3.503487713871601961e-01
3.163330149221532661e-01
3.608041146756285067e-01
3.540155014856238846e-01
3.426793202414852302e-01
3.488521413302707597e-01
3.477376172618211747e-01
3.678204833519383987e-01
3.419503428232272824e-01
3.630522184260376872e-01
3.401249063470497824e-01
3.387577642094924402e-01
3.580934586038843626e-01
3.356615600691196244e-01
3.164010390538589124e-01
3.262778551343069044e-01
3.432565196770065996e-01
3.374519063160643095e-01
2.757282005578405304e-01
3.211089018251342964e-01
3.510677283711656771e-01
3.523649167469624088e-01
3.583858044589416925e-01
3.565983403852238109e-01
3.338986922593581985e-01
4.127071878504637858e-01
3.038935374783254262e-01
3.427058601861590059e-01
3.321875215152164107e-01
3.378685625497556688e-01
3.750941756836979057e-01
3.397782034394205564e-01
3.358731546113848387e-01
3.769513334114504288e-01
3.512939520355327638e-01
3.338523194082052004e-01
3.738246065196917378e-01
3.497207132355485970e-01
3.563364729723455526e-01
3.489761368682264275e-01
3.580536514725592423e-01
3.359006464932133840e-01
3.459009938949045848e-01
3.604877864019890299e-01
3.430922432922533516e-01
3.430513323273940984e-01
3.535719351691330448e-01
3.381183353953761683e-01
3.180814769812143061e-01
3.298968296410679790e-01
3.493957496685641262e-01
3.461278907221277401e-01
2.948306607143071911e-01
3.136021050159890633e-01
3.409644373271428774e-01
3.378727890322580918e-01
1.449473338516799048e+00
9.815067395186345255e-04
3.370368658440106024e-01
