5.893895332543773735e-01
5.616093875292079707e-01
5.472462015876099484e-01
5.685109355799135011e-01
4.930671929359660144e-01
5.901048767758356739e-01
6.140084586723504323e-01
6.156906064103458975e-01
6.522800490326428058e-01
6.284279891907148530e-01
6.123476866661254903e-01
5.522178038075767903e-01
5.480426095534425279e-01
5.477200331075952056e-01
5.287859944483608299e-01
6.266146672078947155e-01
5.486534857991711700e-01
6.695346383534676038e-01
6.155492098851299554e-01
4.903476645293207703e-01
6.080316644251417824e-01
6.163163931573230059e-01
5.294427249901432209e-01
5.656259007967683328e-01
5.218290955575882739e-01
5.616052008236275261e-01
5.212849990535082245e-01
5.653840517750466921e-01
6.156230308206640522e-01
5.695387657022151773e-01
4.840570341730063841e-01
5.118727164994972822e-01
5.080183525766808206e-01
6.705179271717672806e-01
5.421654109815272626e-01
5.387730969372354073e-01
5.434346881922632599e-01
5.483505601043542343e-01
4.942570055514264316e-01
5.518479246236986935e-01
5.742612833696387753e-01
5.832259440800899863e-01
6.320649155387757512e-01
6.005209726054813180e-01
5.516035113560403547e-01
5.222569946287348719e-01
5.867852027851080399e-01
5.804510318328898189e-01
5.408008957085512769e-01
5.598422969330970611e-01
7.142851282324097495e-01
5.783279645801484570e-01
6.139947519972388523e-01
4.578608783025509554e-01
6.177985688704850098e-01
6.360033531094626547e-01
5.337020222901157629e-01
5.840703142713146168e-01
5.449514228020952977e-01
5.526266199526664868e-01
5.155630459274112010e-01
5.286303067501509911e-01
6.417760453634775430e-01
5.944751587132943715e-01
4.919072171152936157e-01
5.155059023331283186e-01
5.206083177968425790e-01
6.389718533377282128e-01
3.694779611215943116e-01
3.544288140802095977e-01
3.341564816253340675e-01
3.543273472006783775e-01
3.266326550950545138e-01
3.711453590397453817e-01
3.315343391445694232e-01
3.502340396019258395e-01
3.473381074135241664e-01
3.424390587296046173e-01
3.528027922740057387e-01
3.700889295888362129e-01
3.478572450987135745e-01
3.489043270558190302e-01
3.737189990287215213e-01
3.423539597922179989e-01
3.348339990037395575e-01
3.471445729925261570e-01
3.531810193135584974e-01
3.888394084525224614e-01
3.391753703809533005e-01
3.515350194209205248e-01
3.364318350771209887e-01
3.417175490072771882e-01
3.580507410961432657e-01
3.446061444910563654e-01
3.201310506928032873e-01
3.293481260813291289e-01
3.446303488023763628e-01
3.497472682026937507e-01
3.337165075125511082e-01
3.206171081263768929e-01
3.430151794731572390e-01
3.380325358166836325e-01
3.889665721604638193e-01
3.422707778839346737e-01
3.341250131746594798e-01
3.617394990615088179e-01
3.255578993984456493e-01
3.700160225026922212e-01
3.357873498284671410e-01
3.743413120838146035e-01
3.478384421048499875e-01
3.453904393152377739e-01
3.535865535700213336e-01
3.699844695540304151e-01
3.512366215169381856e-01
3.561237496120059354e-01
3.769527115806708406e-01
3.372148158700264409e-01
3.396717944105516751e-01
3.598955426918454270e-01
3.515720613462672284e-01
3.897933615230008697e-01
3.395781715921350474e-01
3.494798647119063406e-01
3.413448921602905695e-01
3.366745842948793421e-01
3.629479932641589968e-01
3.449543419072390038e-01
3.182076808197273343e-01
3.289213048458097810e-01
3.396382258098897822e-01
3.505489747934679712e-01
2.550330497756319592e-01
3.432979184359811753e-01
3.479694924635016173e-01
3.386308108339316503e-01
1.452200182736103296e+00
1.055558720981997038e-03
3.650345788261158408e-01
