5.003778868735699881e-01
5.112660561972296458e-01
5.162192449432829733e-01
5.341413940871513333e-01
5.008599286507647852e-01
5.029934879127144765e-01
5.334348780127929901e-01
4.971618932888616782e-01
5.031318529896245950e-01
5.320268928379450202e-01
4.990205770307374333e-01
5.066362424792887342e-01
4.982752284945011212e-01
5.134850394284995456e-01
4.981907226975668679e-01
5.621379714802012817e-01
5.229359992320189443e-01
5.037561497549404299e-01
5.002969766187664868e-01
5.132708896935751497e-01
4.982333788916256112e-01
5.259933400130410996e-01
5.042460302987195053e-01
5.385880250216726894e-01
4.996446435826039090e-01
5.568407255584709725e-01
5.096799733853839554e-01
5.705237760836329164e-01
5.104588056272484353e-01
5.313621112709229211e-01
4.912498464272826437e-01
4.988420278248370532e-01
5.064710595796245718e-01
5.449222642387995252e-01
5.056333287334410231e-01
5.032515154584321637e-01
5.331865671511337723e-01
5.488482658688977889e-01
5.015580495743579004e-01
5.107861969516966916e-01
5.603790453698630492e-01
5.097486966602108316e-01
5.144343068176089329e-01
5.389903819675573304e-01
4.966967624955899163e-01
5.294025657576607591e-01
4.962558481297787427e-01
5.148284616102689615e-01
5.062776444879503179e-01
4.848247546128685026e-01
5.184038779448635337e-01
4.966095084124083070e-01
4.968873558125998513e-01
5.242280925250109025e-01
5.023451875854693105e-01
5.314880070140879376e-01
5.090275587357789844e-01
5.218780896078838438e-01
5.059378896473468723e-01
5.672017450329014387e-01
5.000741628270490846e-01
5.199616131496572757e-01
5.112420338573346879e-01
5.399263627890963368e-01
4.983344026373345281e-01
4.976735974671998575e-01
5.019636170707091338e-01
5.438436797692286495e-01
3.232407023429417214e-01
3.535613582848747272e-01
3.305886160935716522e-01
3.819951240817878735e-01
3.031623299904156466e-01
3.452197432190222126e-01
3.331251446558461948e-01
3.179824392145742529e-01
3.629951297148123479e-01
3.641937217256767112e-01
3.255806220162005826e-01
3.727251573505860893e-01
3.229468400797053107e-01
3.434300791167251843e-01
3.139946693767841635e-01
3.687958477504775789e-01
3.448161714579592307e-01
3.147977060323714493e-01
3.335925555895524752e-01
3.690405666098287574e-01
3.471419747659224009e-01
3.894840194503571551e-01
3.472898143866564036e-01
3.410993071967017842e-01
3.166392324900861310e-01
3.457809366097896464e-01
3.231641901302157449e-01
3.334382579336971353e-01
3.422351927219962620e-01
3.451634192800380752e-01
3.007693026876822606e-01
2.997471076137717683e-01
3.160434249449285415e-01
3.938470638611767938e-01
3.249533862919041782e-01
3.537719421494643912e-01
3.380724531710985747e-01
3.772389871183103316e-01
2.962194012936062992e-01
3.491246457748625742e-01
3.428203287903657248e-01
3.356534704370008337e-01
3.720885846245947093e-01
3.685119182336693555e-01
3.320094618423550248e-01
3.933968493933584498e-01
3.254481155655425950e-01
3.443140872406131314e-01
3.219395114924718526e-01
3.614299681265721320e-01
3.578681076075843071e-01
3.173156334409678592e-01
3.296044683514364748e-01
3.728755278721864741e-01
3.458520902021596788e-01
3.886554849005132151e-01
3.457021740072645510e-01
3.457570205563436638e-01
3.204169023100745251e-01
3.529264613952599050e-01
3.208206036091745261e-01
3.417060717173975304e-01
3.433423884473554288e-01
3.470610899892138113e-01
3.128542604245124203e-01
3.115058105384778675e-01
3.115216237284558209e-01
3.832649887380815135e-01
1.489627421795642670e+00
1.003522629747942993e-03
2.292780116357129860e-01
