5.014921003551808809e-01
5.066003654041975057e-01
5.347267359908459694e-01
5.448177514745836669e-01
5.007661761489247132e-01
5.067385030000077784e-01
5.295126033488191108e-01
5.014229097636963006e-01
5.161481707760342541e-01
5.343649737203797212e-01
5.039614989902816422e-01
5.016265135870915381e-01
5.015485189342366867e-01
5.112200389233773068e-01
5.023346668223396261e-01
5.146692767694214243e-01
5.334379734378791316e-01
5.018237488412728986e-01
5.039560243656053817e-01
5.062144060616167174e-01
5.119790980002253411e-01
5.242706658702905864e-01
5.119120689534755186e-01
5.264090729939837621e-01
5.029798782459138362e-01
5.545617603972383680e-01
4.926870930840153706e-01
5.247102154891756243e-01
5.014384865342605968e-01
5.205639900261156416e-01
5.014621504438783184e-01
4.999118754517002938e-01
5.012652979263401143e-01
5.472604600623602877e-01
4.997514819693841259e-01
5.185433975872104639e-01
5.430491119281648515e-01
5.470056854717095796e-01
5.047232284805635016e-01
5.116127674520382085e-01
5.483964642306606851e-01
5.066814531760881479e-01
5.295525557319377130e-01
5.429200905011042355e-01
5.095375842590433857e-01
5.394404728649301317e-01
5.047244988217104433e-01
5.256895726041581618e-01
4.966612241642825998e-01
4.840388792939455120e-01
5.306183099092113276e-01
5.018554158278345501e-01
4.987295241143488989e-01
5.354400292964566210e-01
5.332589498719064736e-01
5.443515995710214161e-01
5.236473052405465900e-01
5.207077061534534090e-01
5.012681504643938801e-01
5.661422327006565558e-01
4.963474226933720646e-01
5.167844492014405100e-01
5.129441556400817781e-01
5.463505490198248271e-01
5.028126255196385674e-01
5.029052998801144536e-01
4.999386191704772719e-01
5.412506571135284883e-01
3.201588839152199606e-01
3.504134746014206381e-01
3.280747324178627244e-01
3.753216858590932570e-01
3.033798336928058004e-01
3.422141852168388287e-01
3.315963149932439902e-01
3.193953576175959652e-01
3.656770057784531902e-01
3.562951915184460749e-01
3.237492494876715310e-01
3.656349386554619274e-01
3.281831370295098527e-01
3.388562801417252524e-01
3.149110652058770277e-01
3.433743268787972092e-01
3.419613660993539583e-01
3.151038916091918884e-01
3.367009450844405394e-01
3.620010661157276322e-01
3.407491125217646522e-01
3.749446208605048403e-01
3.346652133540760077e-01
3.440388996043350356e-01
3.213472432584375538e-01
3.460562076378167484e-01
3.200101882716284707e-01
3.376703978596845568e-01
3.400474262853065976e-01
3.403429446440204842e-01
3.043371685069709565e-01
3.022614165138602371e-01
3.160945338668554871e-01
3.600583043535047767e-01
3.251928319438672221e-01
3.571247309725817387e-01
3.365695710055964240e-01
3.912470145486960926e-01
2.981836819445789488e-01
3.477559043164229480e-01
3.373219298023581447e-01
3.334841404572705392e-01
3.706374991421673148e-01
3.555976443614718430e-01
3.381482801045482822e-01
3.927408664401457195e-01
3.355272490307125155e-01
3.411440065947727307e-01
3.235497806385806974e-01
3.472732239676591393e-01
3.506583371027475193e-01
3.210390406698503951e-01
3.411856561041993752e-01
3.709150822556030458e-01
3.430350820452877647e-01
3.715867222274868986e-01
3.345177426322830105e-01
3.486892498293731601e-01
3.260301336478219070e-01
3.343560952276755649e-01
3.200883011385458610e-01
3.389725336793997790e-01
3.447396022995524723e-01
3.482102911243971088e-01
3.228308827135002446e-01
3.123445643452757436e-01
3.149413107326983208e-01
3.567664075516718269e-01
1.470547723447695576e+00
9.932392030444882683e-04
3.520612234763646486e-01
