5.083539983010125773e-01
4.961035311117658608e-01
5.794071147878401273e-01
4.494968483239423218e-01
5.055131001749425534e-01
4.903977042018355936e-01
6.541248371865284739e-01
5.748094391470649489e-01
5.159283576921595005e-01
5.599684407006600972e-01
4.781224173133115096e-01
5.321674512200844642e-01
5.001443743443553247e-01
5.614985609058398275e-01
5.074896103605656128e-01
5.507793617931280306e-01
6.044577775328879854e-01
5.037759722848207389e-01
4.892972540653973135e-01
5.099428507323486848e-01
6.428475701362023065e-01
4.951144225852983638e-01
5.312756732884856836e-01
5.243810942330849878e-01
4.857344853184268896e-01
6.426535015203038714e-01
5.219657573436659037e-01
6.701747017871225731e-01
5.647139981731249536e-01
6.026124728269318664e-01
4.729510201441827211e-01
4.957334431377656281e-01
5.080023909370394719e-01
5.988164947674269323e-01
4.925858091104066139e-01
5.321186621812540318e-01
5.828125380215800622e-01
4.321684152850401861e-01
4.951882420726558820e-01
5.360634688252898794e-01
6.030309506791606822e-01
5.578283333086413442e-01
5.272044003634377418e-01
5.406202217020535938e-01
5.022528027591796063e-01
4.837510690246697997e-01
4.708674126480530409e-01
5.101252483936290494e-01
4.976819441324648041e-01
5.428321921548141527e-01
5.624266348095231516e-01
4.938622334186424934e-01
4.803418970858002179e-01
5.175564973838434613e-01
6.191497383784745345e-01
4.989415770704728748e-01
5.458554770954049395e-01
5.678796147743457867e-01
4.696075712360535670e-01
6.366326228425047695e-01
5.262404887392709840e-01
6.475619485888126636e-01
5.247056690418023805e-01
5.348869709543223605e-01
4.817999137622783201e-01
4.910773644075739908e-01
4.946111296535468105e-01
5.618360517358967909e-01
3.525453334487645418e-01
3.719586271433814595e-01
3.364120564724782381e-01
3.608205549731527406e-01
3.030681606206326872e-01
3.414214042751857470e-01
3.297210510078466550e-01
3.411796899568097508e-01
3.367100183058768237e-01
3.415728792966282734e-01
3.641993350216128356e-01
3.470976866826738783e-01
3.556281951608530334e-01
3.438805454352850122e-01
3.660412811907611252e-01
3.449258892319630454e-01
3.406370650113363374e-01
3.466232176708937129e-01
3.764694987545396665e-01
3.295004037088396509e-01
3.344895499580631815e-01
3.698049529285171722e-01
3.305065885170398454e-01
3.318693521649334066e-01
3.672312988279106682e-01
3.342214561135237183e-01
3.163642459598652867e-01
3.227163988104929659e-01
3.440981510539884436e-01
3.405806876540261041e-01
3.376355357518007749e-01
2.689007728157532529e-01
3.503735904540171142e-01
3.525253174704076620e-01
3.365024341226032223e-01
3.660187290729027265e-01
3.383042685270515326e-01
3.560463944422413429e-01
2.941844509361638549e-01
3.313278079547075095e-01
3.326056532012653943e-01
3.253616829872588156e-01
3.418936687533911667e-01
3.400295280736211345e-01
3.526875413406708737e-01
3.482897356294997193e-01
3.486266431442683333e-01
3.464780977098462778e-01
3.552191130815632314e-01
3.340286053927195020e-01
3.589673547726833780e-01
3.518662632857706418e-01
3.756910786337464558e-01
3.392550149377288604e-01
3.345560682954928922e-01
3.476283421356429204e-01
3.345982824627647956e-01
3.270809916928384409e-01
3.771219984276074078e-01
3.360982712386604843e-01
3.185674229399823587e-01
3.240399158439555283e-01
3.463134744705362311e-01
3.491645080424657377e-01
3.144940058124897631e-01
2.658653991650159476e-01
3.539004157375622017e-01
3.528046962399467024e-01
1.480479725450823958e+00
1.013195313720178029e-03
3.731954240111566845e-01
