6.202435417615318469e-01
5.823602061926236306e-01
4.698741541988581405e-01
5.807662630079345467e-01
5.068989471135264546e-01
6.647240115455795850e-01
6.064640496730403507e-01
7.055611434747250943e-01
5.753038233028830994e-01
7.036037700713603238e-01
6.152725768771879489e-01
5.210797589298683530e-01
6.023197551597029298e-01
6.999409480747910139e-01
5.218585230236384431e-01
5.056239473537442741e-01
4.872315233030249937e-01
5.454056585005222502e-01
6.468454936467651351e-01
5.264314807682494157e-01
5.981979384434292779e-01
6.156272415179836477e-01
5.421528400042541218e-01
6.539758206265693374e-01
5.416054607805123045e-01
4.958938023176467924e-01
5.105407849041907475e-01
5.624062044103270708e-01
6.534931187410485398e-01
6.040115515686917957e-01
4.893398821435776536e-01
5.467296641829497705e-01
5.331511753495845607e-01
6.603847835812663991e-01
5.055333148676171007e-01
5.287437119813060971e-01
5.733726406746725290e-01
5.970286395840119775e-01
5.051521676653600856e-01
5.565571597899650058e-01
6.172646823876796196e-01
5.784900014484649633e-01
6.032926710198441844e-01
5.890938171540800461e-01
5.717135389455823002e-01
5.491947999265079927e-01
5.619007401620400577e-01
5.971796331264779267e-01
5.333002003957727499e-01
5.558573562664510526e-01
5.246848710006948302e-01
5.370628877516530064e-01
6.906580968424049782e-01
5.755082869045996530e-01
5.717518449049640017e-01
6.148024045616853339e-01
5.889304162575393908e-01
6.670100842954675979e-01
5.453238908804837193e-01
5.336760034851775192e-01
4.948596484570667586e-01
6.874207103014101650e-01
6.421896882616561220e-01
6.465830669554163412e-01
5.169552769222468536e-01
5.312881856452271734e-01
5.223413308956249557e-01
6.981716185052152523e-01
3.383111530061330141e-01
3.492146428329836461e-01
3.361961654434656444e-01
3.586857033550475693e-01
3.363569802693868183e-01
3.495535307329924457e-01
3.312789319678666189e-01
3.389577044514865412e-01
3.547005641744243598e-01
3.357914221242290220e-01
3.609820098906070807e-01
3.833539463983254847e-01
3.449087137479521781e-01
3.277129681462531141e-01
3.759091294866104271e-01
3.559638502185636377e-01
3.487571579143610712e-01
3.695998858570745393e-01
3.559189373034042925e-01
3.797988525307723351e-01
3.352505754159813001e-01
3.427309759825998836e-01
3.366160641614482363e-01
3.320493225408837623e-01
3.509688596117461201e-01
3.452922751960648129e-01
3.131763785296869940e-01
3.270648596917295481e-01
3.297340205705635019e-01
3.404727290538029361e-01
2.865637595501459578e-01
3.689373626871946255e-01
3.584299450688497868e-01
3.339814135894313418e-01
3.749851924415421034e-01
3.325121565219195108e-01
3.345721968963604742e-01
3.571539459137584860e-01
3.271259701080997395e-01
3.686597489438568354e-01
3.354007322022273252e-01
3.683201481218413842e-01
3.533937336838474663e-01
3.563935410944534254e-01
3.502093007352005682e-01
3.939948097322737430e-01
3.395057926445918528e-01
3.429566897314151319e-01
3.716923756689561320e-01
3.512540553123180698e-01
3.531698464584629993e-01
3.608846979009231459e-01
3.484471106488353787e-01
3.726433597202014059e-01
3.378618832918144355e-01
3.427815311511618890e-01
3.287340355102462697e-01
3.247405344814939809e-01
3.494645173787513381e-01
3.407516118865759336e-01
3.140905352248297699e-01
3.131445010384589778e-01
3.501874161838031130e-01
3.419440503495717043e-01
3.393482041713276054e-01
3.424963217273742644e-01
3.807923779658756169e-01
3.341216292687929634e-01
1.528598324719725010e+00
9.727704044145298306e-04
4.577908214398285769e-01
