6.198242390820036807e-01
5.609754396700813439e-01
6.054584221174322822e-01
6.590812270411776641e-01
5.105552459404690824e-01
5.834829660901306170e-01
4.971360107724956956e-01
5.533054024610213339e-01
6.190507182288473853e-01
6.340064495623989327e-01
5.959183859597505517e-01
5.378552879020450650e-01
5.813470045951496523e-01
7.190619006150562598e-01
5.610494555944862682e-01
6.536333048453214500e-01
4.960326650505233470e-01
5.969664767655351589e-01
5.675120824230556194e-01
5.381303842971052465e-01
6.434799215261938210e-01
5.564084703814901056e-01
5.293015236407272450e-01
5.791351340179295981e-01
5.483337712234760408e-01
6.587334556642369110e-01
5.214650674604076608e-01
5.690982572391366512e-01
6.782672550679524903e-01
5.687461684267666184e-01
5.231835896404330999e-01
4.906763891431465963e-01
5.566095794375642836e-01
5.136730195174826763e-01
5.999183301592515560e-01
5.712798721515052192e-01
4.538349738516259668e-01
5.860042525709744377e-01
4.854127439226155749e-01
5.788049866227653606e-01
4.400237746372834824e-01
6.379505192394900881e-01
6.144195483173241490e-01
5.995105897413963714e-01
5.259903783456009174e-01
6.331174669780661457e-01
6.071284568325123754e-01
5.869567473136930724e-01
5.774398599161212342e-01
5.442945793716217340e-01
6.524917349166714509e-01
5.693706701724545738e-01
6.538584669932093751e-01
5.883395406506772840e-01
5.970689646370085368e-01
6.213864561143855880e-01
6.188761958260547980e-01
5.693653431620613325e-01
5.476182841630090614e-01
6.593200559057368348e-01
4.809335590278445149e-01
5.073629642132759798e-01
5.204332338014853176e-01
5.586612046991262792e-01
4.881303096756624549e-01
4.909165157816967606e-01
4.907186692380918203e-01
5.636834482719975670e-01
3.532663531631859422e-01
3.541368195348857939e-01
3.229103037880895477e-01
3.506368147840782656e-01
3.234178849369725994e-01
3.647236123045460854e-01
3.894518554776100761e-01
3.573993411811126619e-01
3.490722328868624547e-01
3.381709477899368932e-01
3.609700590912091056e-01
3.669163372649316135e-01
3.521274854130094223e-01
3.240651951090114391e-01
3.730169146903447586e-01
3.385953838834124818e-01
3.345677274804015888e-01
3.602698254517255894e-01
3.599390468537569943e-01
3.733660043781327764e-01
3.283148321469240849e-01
3.607746861875255617e-01
3.295466546758846760e-01
3.326125663941607580e-01
3.601352143985657173e-01
3.362752925944354487e-01
2.813106698486453339e-01
3.156548604159736815e-01
3.282477335544558561e-01
3.507692248398631696e-01
3.394353238550932295e-01
3.025405355841064847e-01
3.932487503867894141e-01
3.451425341236146194e-01
3.585863610452907912e-01
3.488393978187849243e-01
3.601160175754747339e-01
3.517586039980478696e-01
2.927722138791496453e-01
3.611255497692412719e-01
3.408638987174604784e-01
3.546973706132578452e-01
3.531824699001709367e-01
3.423446613711133013e-01
3.564112357728432268e-01
3.669198919516262758e-01
3.543675849340943151e-01
3.491156462249455084e-01
3.544629608076198535e-01
3.356190250012208720e-01
3.471069103413076951e-01
3.604679744030597210e-01
3.470400114680768366e-01
3.629135938017230556e-01
3.409421914138233700e-01
3.506599346510225756e-01
3.111939127792406889e-01
3.310544145024266194e-01
3.656966755094904209e-01
3.314983246989600674e-01
3.516734753263995317e-01
3.210607879829436295e-01
3.410460230839953977e-01
3.530578944380583506e-01
2.675702212050905526e-01
3.359689381977423173e-01
3.473414581383564292e-01
3.393553320556948472e-01
1.764204972961596951e+00
9.425422824276255464e-04
4.120426872033161603e-01
