6.308426086309540937e-01
4.883446303680474276e-01
4.409055710793782223e-01
6.797220715740035502e-01
6.141151096691640499e-01
6.226286741799640367e-01
3.571713363326472490e-01
6.251200730788328830e-01
8.676620864892697904e-01
6.794350206613464227e-01
5.737911226523038088e-01
7.806581633594608105e-01
6.178173475321550034e-01
6.799553210371689360e-01
6.642254796260149696e-01
4.804992127107631239e-01
5.368071369884822586e-01
6.146106442795700175e-01
8.493241632657426710e-01
7.290793508597587236e-01
6.097542697201250306e-01
1.012126669129570278e+00
6.221015028102824251e-01
5.251531727732142718e-01
6.042791387518109403e-01
1.442174126424890179e+00
4.538007809335967702e-01
6.285044382835440757e-01
4.815287039051999174e-01
5.457845341260746386e-01
4.196529909946712378e-01
4.832666003347289019e-01
6.886513239855314161e-01
5.887692992672692860e-01
7.025632498457038411e-01
5.241281278816868339e-01
4.583038886033110049e-01
6.578731283473433500e-01
4.844385757566610495e-01
7.105991714989776664e-01
4.820233551376090220e-01
7.510102073606949036e-01
4.850604962424636679e-01
7.315909925963325344e-01
6.295170541816168530e-01
7.726182630856711642e-01
5.782295829325146963e-01
5.959850037629584873e-01
7.330321497799882069e-01
4.724212412978934794e-01
8.796868391904392182e-01
7.675346124246738011e-01
7.982598179908223512e-01
6.789215121944659481e-01
7.096672024652687094e-01
4.974849386437690812e-01
5.436664813990788048e-01
4.390076231772314652e-01
5.278299689709724518e-01
5.464788881787426833e-01
4.833023065364918103e-01
4.938787905777292653e-01
6.550895385320709696e-01
5.394428021216971514e-01
4.864404886467966205e-01
7.211122942372010236e-01
6.395681160155731737e-01
5.152993753713660530e-01
3.481162137080867636e-01
3.649484338040563380e-01
4.847621821491532312e-01
3.395710868258254300e-01
3.419958678716906175e-01
3.455433202281675831e-01
4.094737453533833782e-01
3.387010884431384539e-01
3.245873214407831164e-01
3.301787792104347585e-01
3.612861798744189112e-01
3.328697491106242801e-01
3.092730700390515231e-01
3.249978961376108755e-01
3.543599720576322554e-01
3.342006418291231795e-01
3.337762891883164218e-01
3.559391115293136787e-01
3.294306084123078127e-01
3.398605597866680705e-01
3.304369433097957276e-01
3.139006307122526040e-01
3.017831272618957117e-01
3.383441121407248509e-01
3.184164242046198523e-01
2.769616563472717674e-01
3.007277234952109857e-01
2.987791920761921904e-01
3.541205911405598816e-01
3.408733977200971710e-01
3.422800932550968955e-01
3.622147350478089889e-01
3.476537421490637492e-01
3.347003073907947601e-01
3.433432890336620136e-01
3.318423439200386960e-01
3.657115601695191121e-01
3.398058811721782480e-01
2.989381312142431191e-01
3.359520023255470056e-01
3.373656787325448603e-01
3.320252921950081482e-01
3.545623652762036060e-01
3.294868225379862792e-01
3.453528829568084935e-01
3.313838882350089166e-01
3.088681467618052401e-01
3.374601383263879373e-01
3.391626813282039299e-01
3.446587505947478203e-01
3.105904723938907597e-01
3.365574029431074865e-01
3.327043168461773504e-01
3.420777050717493939e-01
3.218642659065416578e-01
3.438529252046922946e-01
3.170658775126670714e-01
3.699333698070543242e-01
3.053186379576522391e-01
3.305818038263141356e-01
3.239120716461492688e-01
3.178205741675250162e-01
3.393396489201149779e-01
3.449093354773411502e-01
3.075724204977022258e-01
3.325727494476792834e-01
3.505917126391465133e-01
3.504707621154661834e-01
1.964144111493367983e+00
5.663577152685885787e-04
3.667937784534470724e-01
