5.308737821465824291e-01
5.166857067344511334e-01
4.664928747199178494e-01
7.474837428918382765e-01
5.021567157695142614e-01
6.109443191486669811e-01
5.248595533447333317e-01
6.012452403368769849e-01
6.556550404552224931e-01
7.808316246401090233e-01
6.986355297446358303e-01
8.148051658897166316e-01
5.924279345286461718e-01
5.906536705273263133e-01
4.886174493808848052e-01
4.985754564628785968e-01
6.122534201053586589e-01
8.096139884615397575e-01
7.451881202848205099e-01
8.024049521187512912e-01
6.159887539955822833e-01
6.637152459650197400e-01
3.727530529902194356e-01
6.277766579562571447e-01
6.220047308689146126e-01
6.189451936540695254e-01
4.716585895425950414e-01
5.880055676146360710e-01
6.752583960846511024e-01
5.954374927772839721e-01
5.976515095752842344e-01
4.869342933618808211e-01
5.993211328577211505e-01
6.303787845908015441e-01
5.265912507934997766e-01
5.190785762777707646e-01
3.620555562856464515e-01
7.551660115316159994e-01
4.876029041338113545e-01
7.367855993080693056e-01
8.376483817133734133e-01
5.852757464881488403e-01
8.471517034003719360e-01
7.606485809672793863e-01
5.601685515434714491e-01
6.144047138134706154e-01
4.934554534110742741e-01
6.449666986946775982e-01
6.243510014020218213e-01
4.998195831176971970e-01
5.912372846880636912e-01
6.901486083405188321e-01
6.766192990644449567e-01
8.133639041737539266e-01
6.226273237722192988e-01
5.889522842804851832e-01
3.334359219333038471e-01
3.969370798516069221e-01
5.609288938690065729e-01
6.129720121431975199e-01
5.259384183664289614e-01
6.249506338664317928e-01
5.368474620611279891e-01
6.130813218471069526e-01
6.152669022835349777e-01
5.116023568476268935e-01
5.360662704765492004e-01
6.225262792313476234e-01
3.640002676521557068e-01
3.660077861141288746e-01
3.223311540275955456e-01
3.361356596875567093e-01
2.731498990634407265e-01
3.457747952463853247e-01
3.246388171523466037e-01
3.457999451703343552e-01
3.443544690685920728e-01
3.278290227008123225e-01
3.447099041039271006e-01
3.312093964954689884e-01
3.452355473801437258e-01
3.296848983472575045e-01
3.389064836171006845e-01
3.301995167164318845e-01
3.399901972611886758e-01
3.340657730183427265e-01
3.385708334054775559e-01
3.345021528516635700e-01
3.335890485042667386e-01
3.475489500446295454e-01
3.348543597996413990e-01
3.258338465586191890e-01
3.520813181551354365e-01
3.394004548839721358e-01
3.109712401345435251e-01
3.231928929845803711e-01
3.344351998569509710e-01
3.486916696804858162e-01
3.539215364538239039e-01
2.848313620779702737e-01
3.587314284871039316e-01
3.362184541662314730e-01
3.615450617898423036e-01
3.485783976336522816e-01
3.507779814826990639e-01
3.339824024832929728e-01
2.554891375165893597e-01
3.342768930113840797e-01
2.947198746531102809e-01
3.615169070013691810e-01
3.265190036140411256e-01
3.290668849315456224e-01
3.610794742297689930e-01
3.517182004525121197e-01
3.091315415025263635e-01
3.924895110948320442e-01
3.465156546888055189e-01
2.994286841369886987e-01
3.568900855292410079e-01
3.446866565439591912e-01
3.439433350660691668e-01
3.316215122766330015e-01
3.314233258284143835e-01
3.512969930708850219e-01
3.358260487789069271e-01
3.507651542113378040e-01
3.485910249018142615e-01
3.344629782852986399e-01
3.209380163806312414e-01
3.193715644469659054e-01
3.528529900903770722e-01
3.435139453401296339e-01
3.508592942647547619e-01
2.532328057876424565e-01
3.549827756862820038e-01
3.341753691355627831e-01
1.748080385359716882e+00
7.201900207486905273e-04
3.472378561674309694e-01
