5.761031740980384619e-01
6.638822838772183710e-01
6.196664594044793972e-01
5.911686017597113096e-01
5.168020044077973330e-01
5.273071154638997449e-01
6.303959021675085150e-01
6.597076275127717881e-01
5.372839222620965360e-01
6.438264879466438773e-01
5.392464670169637708e-01
5.809174062836033325e-01
6.126080489316069189e-01
6.680488502931584138e-01
6.080823019157682863e-01
6.092473743996051905e-01
6.071839354468372418e-01
5.292971394955766629e-01
5.919251859839834706e-01
6.318864267187096484e-01
5.729082297523386824e-01
5.790242372569032181e-01
5.847555882895757451e-01
6.084380763869391417e-01
6.419642902994965317e-01
6.250108887059813156e-01
5.782115013951187876e-01
5.962094818423386844e-01
5.624847737969451700e-01
6.664819569543045663e-01
5.735423269788836320e-01
5.181331820595731497e-01
5.927887241807452412e-01
6.529500282767835007e-01
5.985463418149897796e-01
5.790194917409661191e-01
5.951550312884049676e-01
5.475864315752174694e-01
5.194304306020468553e-01
5.809286804350144440e-01
6.629956379190099502e-01
6.137817135551500991e-01
5.489891649827335351e-01
5.695358265311588619e-01
5.830049452367735974e-01
6.069816499435427559e-01
5.836817971639998159e-01
6.647315318801243489e-01
5.395018216661769950e-01
6.288376569984316378e-01
6.034845823847470037e-01
4.965589081383793291e-01
6.124933770152553025e-01
6.051583011750242269e-01
6.134807637874009068e-01
5.789923062221424832e-01
5.889442498920267610e-01
6.398183644701878059e-01
5.550612693777642326e-01
6.047442881479830890e-01
5.629121643469302549e-01
6.312045480862372715e-01
5.535759597700256052e-01
5.995281357170488823e-01
5.704674710329727949e-01
5.132179167856625313e-01
5.618314978734747500e-01
6.268475437947307327e-01
3.562732352068956332e-01
3.506707267800773242e-01
3.609826556151529142e-01
3.468512895655099793e-01
3.055184331358940519e-01
3.600138924433011756e-01
3.255517520222382388e-01
3.407425358629290746e-01
3.608201737073602478e-01
3.395940668344313296e-01
3.666623871484173125e-01
3.521958524252106204e-01
3.475949307966187951e-01
3.340744963322937466e-01
3.471227116481109820e-01
3.507701221014281612e-01
3.353376125618277581e-01
3.681086633769183880e-01
3.711102198154740406e-01
3.534659804905996849e-01
3.388249688196366405e-01
3.660107524575904048e-01
3.236138883414983458e-01
3.333383080420827538e-01
3.592363598032369820e-01
3.335629497235136909e-01
3.145167330557599450e-01
3.250018006590912889e-01
3.502864747306083659e-01
3.351563419015552436e-01
3.637309068349106056e-01
3.497884541386961366e-01
3.520614187826086594e-01
3.465860285170402899e-01
3.554866208700027674e-01
3.693358683643742646e-01
3.371723106406342985e-01
3.531235503006953103e-01
3.208380501130025375e-01
3.522314494605363611e-01
3.226387382784732805e-01
3.535731647559474111e-01
3.585996772541885647e-01
3.523500051945441247e-01
3.549327774563550975e-01
3.532696344072824846e-01
3.590189509494661202e-01
3.350927584298362127e-01
3.457434491071576521e-01
3.462583474854880605e-01
3.622320328133219469e-01
2.826393869265538816e-01
3.568718815995607918e-01
3.521051662828841855e-01
3.385861316906750851e-01
3.613070107772676232e-01
3.298164238740843857e-01
3.225902156482206573e-01
3.682836636318052026e-01
3.377763922366883720e-01
2.961192458276765138e-01
3.199342105432146366e-01
3.494160246326656893e-01
3.447167579131096837e-01
3.573130824426525853e-01
2.779848525855940222e-01
3.560600109232592292e-01
3.408861644809704217e-01
1.539487421027039282e+00
9.525293236946340584e-04
4.294626235431622252e-01
