6.029841064405683237e-01
6.973792292375752266e-01
5.344567196325886727e-01
7.040863110207626896e-01
4.822815770645744182e-01
5.605724205660921333e-01
5.111381280005437011e-01
6.562089147153026270e-01
7.133429042007524146e-01
7.335492416096673907e-01
6.056374665461635720e-01
7.560309827596092269e-01
7.341514969649476363e-01
5.988027728642585368e-01
6.301265517513375825e-01
6.001061535706824213e-01
5.670175196228240955e-01
6.697518181873444165e-01
6.622825601158829345e-01
7.426409698167339979e-01
5.747541476928598181e-01
7.376224165186279214e-01
6.049772687171756091e-01
5.553642937479126296e-01
7.294458251378518332e-01
7.227590116647281127e-01
4.783109278122841257e-01
6.456019657483271779e-01
6.903692057226588075e-01
5.764260791692635832e-01
5.914727276484882390e-01
5.131562782931201605e-01
6.703684860046644767e-01
6.305889548245221521e-01
6.542369016548622573e-01
7.298898073966731959e-01
5.458594615819649665e-01
7.603371923123926068e-01
4.823714815848461623e-01
6.410519028197354530e-01
5.383498195202340852e-01
5.928851095759836154e-01
6.969369151156239450e-01
6.376116960887840968e-01
6.939492021904278829e-01
7.655228198173267273e-01
7.135776588141304888e-01
6.289074763071426100e-01
4.682231810152722162e-01
5.032322963644249025e-01
6.775435453517635320e-01
7.123654249538130534e-01
7.177939214731841044e-01
7.468546014743582262e-01
6.314865485827783065e-01
6.971150852484621074e-01
5.033293413897572677e-01
4.299321764286416769e-01
7.791524991176436155e-01
7.124586224902814680e-01
3.917839008198883977e-01
4.185624635290309814e-01
7.244034431985749700e-01
5.945476439449640660e-01
4.934365200423993514e-01
5.346050502470434118e-01
6.606750641419255610e-01
6.356877181392136533e-01
3.513706005464593551e-01
3.395378228011484145e-01
4.146709296260825406e-01
3.381320573006965646e-01
3.225835117381996020e-01
3.498890039627464699e-01
3.820088389850185839e-01
3.371467189790366970e-01
3.368705864065263955e-01
3.234584191303187528e-01
3.530564226618927992e-01
3.339029747246519686e-01
3.331618705230711130e-01
3.281850979095082277e-01
3.521237253325257277e-01
3.299635578461951324e-01
3.245301275809368557e-01
3.464373394877724999e-01
3.437792911740392143e-01
3.383123702131571875e-01
3.416902599255065565e-01
3.355319974410311268e-01
2.918322912763993138e-01
3.338661485623156677e-01
3.413797219317698528e-01
3.177358904567279541e-01
2.567086005804657955e-01
2.882594919232709940e-01
3.299554017837310060e-01
3.379737232986618767e-01
3.418669349516995637e-01
2.971733236521933441e-01
3.527398848348673455e-01
3.335347759640225340e-01
3.509865336111677170e-01
3.355033859671214258e-01
3.230073830120298584e-01
3.321064423168861302e-01
2.497386202666657118e-01
3.392802691526894399e-01
3.185603211508014065e-01
3.574909261165143404e-01
3.374522153418075820e-01
3.358348495371235587e-01
3.386964455009285335e-01
3.328004699197421035e-01
3.366066736319513475e-01
3.366106383651012446e-01
3.372840785224514581e-01
3.257342871575565346e-01
3.413720410092919155e-01
3.430977392340191501e-01
3.394253906300210843e-01
3.364500769731930130e-01
3.209982689678844703e-01
3.366118580499916635e-01
3.264322171036975750e-01
3.292019896010487390e-01
3.358394573093670954e-01
3.201716287757558899e-01
3.719882831947048385e-01
3.308452600334828575e-01
3.325849534214279091e-01
3.372092943208991889e-01
3.334541814554587980e-01
2.990000692758045808e-01
3.519630413632331978e-01
3.296264201411632788e-01
2.189311099847836228e+00
6.946491859673316858e-04
4.796850575414245421e-01
