5.859574296111277336e-01
7.035083994674617980e-01
5.424795214123930842e-01
7.284973310611824182e-01
5.007368317649386613e-01
5.726192398616343215e-01
5.929792653277013992e-01
7.061114384648894404e-01
6.499046337500461457e-01
7.348497590835940674e-01
6.975155611049536075e-01
8.447931938055623924e-01
5.769687528060963855e-01
6.783631715860357625e-01
6.423670062711342998e-01
5.951411517500315718e-01
5.449611713987172479e-01
7.576494659088909289e-01
6.576673478120813598e-01
8.121478281592527937e-01
6.629223730745166243e-01
6.961838641384384685e-01
6.284666136560789207e-01
6.088568679532146977e-01
7.308014600398868854e-01
6.805167506070055605e-01
5.128095540107899808e-01
6.219772740076798812e-01
6.567217286221900263e-01
6.780978056596094206e-01
5.882214965392467132e-01
5.165075616178906870e-01
7.980544946599954503e-01
6.574122899385353991e-01
7.061735657483261264e-01
7.419429829244397201e-01
6.337562466395206817e-01
7.188748722109238320e-01
5.180760665575695478e-01
5.835899504155803719e-01
6.416962912628624283e-01
5.924310018899282548e-01
6.976853572618813004e-01
7.897467623958263072e-01
5.329272375402446249e-01
8.215543296023336550e-01
7.874380425488609614e-01
6.757731894896037428e-01
4.973352237270561860e-01
4.519204507885056787e-01
5.127857484185699422e-01
7.037069593355407271e-01
7.613995579857247842e-01
7.656490586375029883e-01
7.191295063536793375e-01
6.988641771272317005e-01
6.045453416634883892e-01
5.500819954939831780e-01
6.615981726796794637e-01
6.357155651220751658e-01
4.774214933703219144e-01
6.290632539705115489e-01
6.884477004785087839e-01
5.442949246202777314e-01
5.408245357113328211e-01
5.080914272422115685e-01
6.636338449946718177e-01
7.866871378661977054e-01
3.581699582381193681e-01
3.428917778358857582e-01
3.589500249825073319e-01
3.376682486976090858e-01
3.057729250146484223e-01
3.505049939925127256e-01
3.294080696884474357e-01
3.386860750616859650e-01
3.460786186669917996e-01
3.310584022428924578e-01
3.433160814514599757e-01
3.283307502007775658e-01
3.520447774377681305e-01
3.299410444319694213e-01
3.479942193084096802e-01
3.357632658156837757e-01
3.364487550816294692e-01
3.386109837256786048e-01
3.466826693710209351e-01
3.334013322080128239e-01
3.371283002994834299e-01
3.421636930960406109e-01
3.177116855100622361e-01
3.326358142559293629e-01
3.424329396037090190e-01
3.340351991158486133e-01
3.197935439015200942e-01
3.191175816891684835e-01
3.385853456077186352e-01
3.338213880502501341e-01
3.529294001991514218e-01
2.920738060851481022e-01
3.378830210760897512e-01
3.376867421743712794e-01
3.458679803883362713e-01
3.379601703463878115e-01
3.615845639342673556e-01
3.384497807420556725e-01
2.478245140919412559e-01
3.456210627038173167e-01
3.233059585592125695e-01
3.489327001223135882e-01
3.406285142156235679e-01
3.280259750772533955e-01
3.533637497110260761e-01
3.301325629689800256e-01
3.321795713553971630e-01
3.362564980065847475e-01
3.297617387917359255e-01
3.517001305690118373e-01
3.666922022050639329e-01
3.436944647353861737e-01
3.360739836860692775e-01
3.366555598213062384e-01
3.184189209490252415e-01
3.397931928047455141e-01
3.459230781044407843e-01
3.342627202520536689e-01
3.504412242595540961e-01
3.367713821811417207e-01
2.979844564654807182e-01
3.138597139210909659e-01
3.391603094954475650e-01
3.466176716205963682e-01
3.397659455025673902e-01
2.907991204239814831e-01
3.531448648566189452e-01
3.243570612859162372e-01
1.637581730946873204e+00
5.303764019977421067e-04
4.517478243731487542e-01
