5.199822601155957846e-01
6.135382046803372624e-01
4.751522039218267213e-01
8.308697002205664983e-01
5.094517783506125053e-01
6.093380772386940425e-01
6.275144614503429530e-01
6.246567666920292972e-01
7.081624309977385678e-01
7.889183516688282882e-01
7.650979413849683386e-01
7.435930047061380943e-01
6.595418101155191559e-01
6.374733880242127171e-01
5.541852988951685433e-01
4.992586989011180143e-01
6.507769842626401902e-01
7.887932172160345701e-01
7.429439897802921910e-01
6.863250144175045975e-01
6.884110072733510277e-01
7.492637995139992402e-01
5.751428239403627574e-01
6.908694283713319173e-01
5.832560029359238341e-01
7.108862533936478600e-01
5.962001131392260511e-01
5.642311765397269863e-01
6.822123497423752125e-01
6.589996759479591626e-01
5.765746074057779280e-01
4.971657859049180006e-01
5.822957925105513022e-01
7.531035773922467591e-01
5.144874982745942793e-01
5.963164676204442127e-01
6.012682185302931082e-01
7.703904375844136121e-01
5.001732642443332821e-01
7.229522403588786172e-01
6.921703151135423226e-01
5.252929382179075679e-01
7.483821445419489571e-01
7.877367718493417659e-01
5.311929883091727200e-01
7.395980230818203216e-01
5.136822105497147462e-01
4.460355467052193879e-01
6.215476705876301633e-01
4.832073240621864718e-01
6.180821256851484202e-01
6.809959036530217613e-01
7.436558138234179438e-01
7.084636660770994299e-01
6.616559113886230081e-01
6.749283259682755665e-01
5.973742129528136768e-01
6.743522316285843754e-01
5.550447550008534847e-01
7.173220691109937208e-01
5.568621103099351544e-01
6.060412813155139355e-01
5.933904003526736526e-01
6.621141097793973307e-01
5.605337310733623513e-01
4.974499882239941106e-01
5.351984699902699871e-01
6.384261042843789591e-01
3.683183344989562347e-01
3.575161028763417237e-01
3.273928868398708336e-01
3.294514866757259353e-01
2.780787331976417032e-01
3.517946696906215087e-01
3.259854072098576361e-01
3.458028756840625384e-01
3.418842817317528371e-01
3.284478649725647292e-01
3.383962676627389476e-01
3.389624708838493983e-01
3.419563498125295364e-01
3.320613715100044216e-01
3.505732396699592912e-01
3.387987504609865086e-01
3.434666832485204768e-01
3.369362203942914968e-01
3.399873872333641911e-01
3.459155119292885439e-01
3.301701434908183574e-01
3.393567834962518126e-01
3.382845462715129425e-01
3.287825440977595326e-01
3.614786769525122345e-01
3.358723500043676591e-01
2.897454482367091133e-01
3.286799351123773638e-01
3.352710568341763508e-01
3.457225804618009324e-01
3.601733367089892113e-01
2.824929973024959962e-01
3.623946947671121133e-01
3.314776111920171853e-01
3.674346453023974446e-01
3.597040961172317530e-01
4.136744545438827969e-01
3.341363963910699564e-01
2.647639106993031066e-01
3.374390339199224154e-01
3.184756209821072992e-01
3.698980010498941207e-01
3.360439032312491081e-01
3.287916096967799517e-01
3.674223126360084413e-01
3.372674789481659441e-01
3.301651144785769376e-01
3.434449015475973810e-01
3.538866209858650969e-01
3.114704322075590448e-01
3.544636729374661677e-01
3.474855487284759792e-01
3.385835954422257710e-01
3.420591537245366576e-01
3.364288410527500051e-01
3.464236512933227541e-01
3.131303389211470001e-01
3.264208052798940884e-01
3.619553280184908406e-01
3.272155172739242279e-01
3.294115529556436162e-01
3.242203765974354668e-01
3.502309744650656809e-01
3.433723843181882285e-01
3.601249438302739914e-01
2.571959609603534092e-01
3.577340020163886636e-01
3.375962874685359827e-01
1.482390538314491080e+00
7.276960786259885393e-04
3.289553751601787535e-01
