6.321694659855843224e-01
4.928484421485186395e-01
4.836639148324836102e-01
6.635209423176966492e-01
4.847635963665821723e-01
5.391284669784528472e-01
6.657424354750156592e-01
5.432558179117372710e-01
5.541629204811434617e-01
7.219317345725344559e-01
5.294157568784827461e-01
5.551658564182164746e-01
5.070141744847007637e-01
5.920585405427292169e-01
5.214809737833224768e-01
7.212093361668628910e-01
6.296365448498720818e-01
5.387328024724370445e-01
7.042576474561901279e-01
6.245223114760485306e-01
6.639066806264978249e-01
4.937682551305060952e-01
5.703031719770215169e-01
4.896621487577711984e-01
5.198081561423544272e-01
7.528763449906875627e-01
5.005886157949346327e-01
5.277480682873604279e-01
5.864581399162253073e-01
5.150610413258686071e-01
5.065569115312770210e-01
4.918689665169110325e-01
5.856238815375641726e-01
5.438911895176964384e-01
6.948447904777848017e-01
5.136051284892869662e-01
6.792418020039947546e-01
7.988364362556432674e-01
4.949548782199494346e-01
5.991765706470186803e-01
4.674501996430287520e-01
5.820753187097681414e-01
5.044519447020627823e-01
7.093749822674573213e-01
4.856984296258428091e-01
7.464657864738490911e-01
4.895386766041973092e-01
5.571283848786737769e-01
4.869331629121557148e-01
7.485796893297029797e-01
7.434882737927538399e-01
5.112115591507411239e-01
7.592682225221197845e-01
7.748187726476244430e-01
7.362557306107102573e-01
5.169065254152038769e-01
5.530965052399586801e-01
4.834989211570482892e-01
5.291683220746706828e-01
7.274986584486142771e-01
4.903494845039280681e-01
7.081969264564944577e-01
6.535760210125007852e-01
6.322777119224459730e-01
4.963878952673400624e-01
4.900972870026981676e-01
5.698962424164700780e-01
4.563896828355421542e-01
3.472902040316150352e-01
3.841601346309349574e-01
2.822587890084753970e-01
3.432320810228468022e-01
2.998985125713072297e-01
3.600592584695038179e-01
6.610767427041418509e-01
3.526052236006446683e-01
4.548213310080304606e-01
3.249955505813170720e-01
3.698450981278856298e-01
3.501480343935985395e-01
2.706902156597003062e-01
3.100399625099994894e-01
3.481444782433727458e-01
3.383167463014210008e-01
3.423082294877243803e-01
3.571052197778408765e-01
3.406234286802206634e-01
3.467733697359722256e-01
3.311024644262463013e-01
3.124589744167364236e-01
3.278885916332323625e-01
2.032111023022538376e-01
3.837991942755442643e-01
3.309592093809944902e-01
2.776463306997121183e-01
3.290347616021033206e-01
3.467631007314893599e-01
3.571365055230761865e-01
3.124329834124138228e-01
2.741109390969911352e-01
3.550664219118793152e-01
3.355880316177497491e-01
3.480574391056975858e-01
3.609762546299256636e-01
5.585271909902035370e-01
3.325560570684269468e-01
2.841072375241737724e-01
3.533354384081124344e-01
2.164860551428836322e-01
3.561301660477662057e-01
2.532899176301440236e-01
3.343497636241333226e-01
3.345672239136910919e-01
3.394690614385223459e-01
2.799256328278337813e-01
3.338326915475350876e-01
3.314245870599138444e-01
3.332861525835369432e-01
3.363427535200493312e-01
3.540252965335742297e-01
3.374284855442325481e-01
3.358907001150046034e-01
3.279645569916326275e-01
2.836028761712945379e-01
3.209521853758469101e-01
2.121186244838453305e-01
3.907310383901592687e-01
3.219720498915621953e-01
2.654655602654383273e-01
3.155720126382948743e-01
3.460429955683131942e-01
3.500804580284549439e-01
2.728874812249461046e-01
2.571991387098521153e-01
3.605223511726958763e-01
3.424943486163338768e-01
1.821020597257925200e+00
8.999307431674534235e-04
4.745348368378689008e-01
