6.149921551820488608e-01
6.009156750424683446e-01
5.183242583086281607e-01
6.384291842102589598e-01
4.905856597277840070e-01
7.487788986111347800e-01
6.251171121217490301e-01
5.458933941098782494e-01
5.315100634480018904e-01
6.863384436470900685e-01
5.205034560899481910e-01
5.836363418654542112e-01
5.402152465257391567e-01
5.439003827056986262e-01
6.365497340185128916e-01
6.034118132997154937e-01
5.585666147338260723e-01
5.572942860563365741e-01
5.305935528827253611e-01
5.541532455569718740e-01
6.253161031327015840e-01
6.264813617807756252e-01
5.563231721337341673e-01
5.844025290058785238e-01
5.589676444568610902e-01
6.121471266360191121e-01
5.591096456798878567e-01
5.592841506237216098e-01
5.459860711968754776e-01
6.628829030935430300e-01
5.949302186111468105e-01
6.802184603409462404e-01
6.347909649811153132e-01
7.178510898417782560e-01
6.031714007353946583e-01
4.981411133174307171e-01
6.298532576741292521e-01
5.646457921051893925e-01
5.053071722381389241e-01
5.607487409454732230e-01
5.893907475106345828e-01
5.831810729713822194e-01
5.419604994047919622e-01
5.828282809928205799e-01
6.099165038396192617e-01
5.384484392684776299e-01
5.765731089480595761e-01
5.795773458144459767e-01
5.893082174911232762e-01
6.264072539626875935e-01
5.610117275655399638e-01
4.918620958601427340e-01
6.116996046370358764e-01
5.370650766047374569e-01
6.232500918837736714e-01
5.968266707001933513e-01
6.099200102053479178e-01
6.252198894535980767e-01
5.290613719204890764e-01
6.256122405900773620e-01
5.649620324422227613e-01
6.711631971726125245e-01
5.719586991967521294e-01
5.605302145685229220e-01
5.268417050837845839e-01
4.864930094476159761e-01
5.406085233856362526e-01
5.909743506091172938e-01
3.538841526738082943e-01
3.555219818541889842e-01
3.322003795868541665e-01
3.434478905722477271e-01
3.203786909864674848e-01
3.350342807843415538e-01
3.285714242621353143e-01
3.529475795428788087e-01
3.546342581593706633e-01
3.361801384220953204e-01
3.596397788300852438e-01
3.537196222003984869e-01
3.537199181097631651e-01
3.444964547742541128e-01
3.502629500374749294e-01
3.511401875899419767e-01
3.397238053200365426e-01
3.527628540997933548e-01
3.569214393855690282e-01
3.596524238394506190e-01
3.350727693628705040e-01
3.500720807843843985e-01
3.328368735896834463e-01
3.356296602152626929e-01
3.610463284748298141e-01
3.390638446590472088e-01
3.221654972501001857e-01
3.279621328598857355e-01
3.501188063884132506e-01
3.352903634332420890e-01
3.604039197632701863e-01
3.393703962192322621e-01
3.543736910043187027e-01
3.320828665931865875e-01
3.551291300486299485e-01
3.712105244631313528e-01
3.609784794763508109e-01
3.521664203703004370e-01
3.226673631424643585e-01
3.547797487551950790e-01
3.329766672269336980e-01
3.504290227931301516e-01
3.482262387387451974e-01
3.466567485207229793e-01
3.511672154655906541e-01
3.591504600150648985e-01
3.528155201438876176e-01
3.428486685286958324e-01
3.509485041357158219e-01
3.330434243576814168e-01
3.603548304435326144e-01
2.757856695135718073e-01
3.540758229798233736e-01
3.601921322671433612e-01
3.353893863812220100e-01
3.518664906306965823e-01
3.251004591878728367e-01
3.302562460129693789e-01
3.671535998171838178e-01
3.375749429910903099e-01
2.901942663288559210e-01
3.122200181383068540e-01
3.507941346000772453e-01
3.491169323058383456e-01
3.677241130115881940e-01
3.022754832545237469e-01
3.655057229655756523e-01
3.409907196153714737e-01
1.578633566683904421e+00
6.751135113345212461e-04
4.416649244324229451e-01
