6.565569788185912081e-01
7.013702963985803951e-01
5.221718407841956511e-01
6.760705491118568222e-01
5.255712891469273007e-01
7.446349609293790861e-01
5.931913796081277335e-01
6.498365304684560195e-01
6.851229590809887471e-01
6.774176706748594734e-01
6.310272758799444492e-01
6.183197664042546782e-01
4.692595616098396150e-01
6.263060366238415444e-01
6.990493304250925410e-01
5.001399406969277983e-01
5.095452366221643326e-01
6.988914638145317104e-01
5.136131944342207101e-01
8.387626422550904515e-01
5.153059236343116023e-01
5.845810309511563219e-01
5.382008337023059807e-01
5.126441505950644073e-01
6.183584329050331174e-01
5.412395901554303279e-01
5.232043169491497059e-01
5.293976355042304682e-01
6.097791830209163821e-01
5.770652110892273701e-01
4.605184957570350179e-01
5.364028243455832845e-01
6.333681362799061798e-01
5.330038091395399302e-01
7.688436914385411436e-01
5.148390340725238490e-01
5.188291696745932491e-01
7.976727858758582146e-01
5.125389175610725045e-01
7.958469991696391910e-01
5.524676663151405487e-01
7.371241463996092147e-01
8.053198271760393379e-01
6.847346116111685532e-01
6.936390484137696655e-01
6.366225620582376399e-01
5.335055067090385128e-01
6.834231395293138833e-01
6.532386500455601430e-01
5.061171257321092076e-01
5.517668370470877326e-01
6.896552034550558208e-01
5.960584435707357853e-01
8.179968523253299262e-01
5.119072670868699548e-01
5.471274447224538928e-01
5.444079985312180181e-01
5.248136549375485016e-01
5.295400527387315037e-01
5.287028941483260525e-01
5.145327927024925252e-01
4.706540036385244985e-01
7.923442103308296902e-01
5.294488149638170160e-01
4.791371739943582342e-01
5.148923300347397758e-01
6.675821965494986854e-01
5.528786777310527034e-01
3.473564415380730463e-01
3.303685175060247503e-01
3.347128302338409078e-01
3.409975039637552219e-01
3.412106584737460979e-01
3.356950582239071612e-01
3.321343054460840771e-01
3.412515317992131925e-01
3.420882099751931804e-01
3.362253477651755973e-01
3.519007170486611047e-01
3.468167739182450027e-01
3.270541875603467097e-01
3.379909317291200366e-01
3.442219044441006126e-01
3.472112885005970151e-01
3.540511204686764279e-01
3.420421728629750580e-01
3.603196951385256863e-01
3.310873357430313413e-01
3.407119794381919808e-01
3.453839993862218294e-01
3.370934755796111681e-01
3.400347060906404040e-01
3.428549311007934031e-01
3.487749318809603150e-01
3.127473093231400436e-01
3.286169694582153911e-01
3.419744554136649461e-01
3.406934776216101746e-01
3.117227191186860424e-01
2.633726455796085442e-01
3.529565787644450281e-01
3.396944538595766949e-01
3.380064428199056614e-01
3.419037181076148846e-01
3.407915071562819809e-01
3.309362068672401791e-01
3.251569204361889898e-01
3.312848658199190055e-01
3.315287235437229252e-01
3.352443631134837676e-01
3.309962495703241969e-01
3.355782880883136365e-01
3.427229298116091782e-01
3.436428569846833869e-01
3.409217710004981416e-01
3.357885165746346545e-01
3.447172370588555412e-01
3.525878380508680188e-01
3.385521579187499852e-01
3.458595147124619573e-01
3.517118823359809965e-01
3.319276770566304546e-01
3.476669899839737732e-01
3.457834234700409293e-01
3.415640234336028702e-01
3.386007081137021868e-01
3.503659376287338034e-01
3.528477015683933460e-01
3.125850850443335216e-01
3.371123941020643389e-01
3.299643601317148733e-01
3.460399797405843136e-01
3.385170905289002219e-01
2.369417017397916769e-01
3.459450345028838303e-01
3.432924116508118684e-01
1.616565723483893047e+00
5.804373613340250374e-04
5.000336662884162786e-01
