5.479239984841199895e-01
6.090164240710292942e-01
5.139953204003558929e-01
5.277170199592857713e-01
5.346015803572305991e-01
6.039676780827782920e-01
6.160709568166292671e-01
5.818936613303109517e-01
5.313940782059503043e-01
5.560678850277548380e-01
5.463199785840082701e-01
6.237054348454290631e-01
5.309540125419656142e-01
5.881307211848628702e-01
6.012116488222113420e-01
5.265619077128452785e-01
5.265408669594139335e-01
5.347670993039325138e-01
5.417272545276530238e-01
7.554802603385933901e-01
5.277889674324827141e-01
5.383815749711843290e-01
6.116213058256229074e-01
5.641680722201853904e-01
5.577414009505717862e-01
5.899648454408457088e-01
5.485282048837334390e-01
6.152634368702354362e-01
5.944635429654321346e-01
5.870008640167110325e-01
5.116979207451090028e-01
5.101909984242319895e-01
5.693838252435532432e-01
5.171048397754337556e-01
5.552162774910994747e-01
5.344723112515402663e-01
5.708439025325270366e-01
5.651034145002016285e-01
4.935765767585251207e-01
5.915165437940729243e-01
6.311975358620718346e-01
6.681636585518999638e-01
5.562225640844091767e-01
5.879447052472011048e-01
5.661992822274642956e-01
5.637876530088135052e-01
5.440518564506147126e-01
7.103742611074966851e-01
6.126791666571279604e-01
5.150505102719790118e-01
5.715513447780559142e-01
5.573050581044712848e-01
5.443877015723883606e-01
6.450012862161753624e-01
6.441312276245743096e-01
5.421881769101406512e-01
6.225495835350318696e-01
5.885968837206790871e-01
5.438672430484986497e-01
5.675959551679635728e-01
5.486487371913952860e-01
6.163157640349303801e-01
5.843791346315958535e-01
6.171328625052914241e-01
5.147474377900416176e-01
5.729168229209692376e-01
5.766496771833378165e-01
5.570840291891905327e-01
3.590040860710962956e-01
3.370820385761033045e-01
3.417891313128574859e-01
3.567900668432270050e-01
2.966937102411966176e-01
3.497432224329141692e-01
3.321725709541638039e-01
3.497748280546134625e-01
3.623795155017040526e-01
3.487145579021999620e-01
3.604356280279072955e-01
3.501585440490494472e-01
3.601481555803379697e-01
3.413954642404450901e-01
3.523461490042528732e-01
3.576497579495099832e-01
3.519756882082711313e-01
3.617918626029162366e-01
3.538249272611565521e-01
3.381174702388054509e-01
3.452862809906623864e-01
3.715926015685559469e-01
3.308927614035530040e-01
3.373291128443959841e-01
3.586148100219300749e-01
3.488941334667001737e-01
3.084558179296924552e-01
3.239678193759181757e-01
3.452043700604066623e-01
3.440078033895192511e-01
3.649521748283995337e-01
3.327713202636926604e-01
3.601927107432319475e-01
3.521393202717315596e-01
3.601057078158720892e-01
3.698694336863109222e-01
3.320754193457396419e-01
3.538259854498752022e-01
2.666006386717664212e-01
3.507585218394624338e-01
3.271149337219094733e-01
3.425470937932300064e-01
3.592005280585742200e-01
3.488637611537801497e-01
3.551625195152155468e-01
3.555427777175341197e-01
3.543560973908446710e-01
3.343450505235348591e-01
3.477975124628919779e-01
3.532466762640184554e-01
3.620151828430581697e-01
3.598281785473091965e-01
3.611934376064949714e-01
3.479199094006040771e-01
3.319205238275473313e-01
3.533902338726225278e-01
3.286225368382209022e-01
3.330334150431570328e-01
3.612245787388438378e-01
3.481984903901326200e-01
3.145895562048280913e-01
3.214797307032069562e-01
3.505814923967762176e-01
3.472120744040578244e-01
3.416199344896619361e-01
3.401391757113219061e-01
3.586069548945531316e-01
3.456961141786408787e-01
1.464437132651725815e+00
7.082600177871191610e-04
3.481178359654537591e-01
