5.067156567485202601e-01
5.766222771078960418e-01
7.057929281592915105e-01
4.636637500036380199e-01
4.631994989285354580e-01
5.331555477381189068e-01
5.942258936707239814e-01
5.044896402706595673e-01
5.685031909017106422e-01
6.216502248571241784e-01
5.281090794587132153e-01
5.677533836486422514e-01
5.541614427536099008e-01
6.607347470489799424e-01
4.646027666920268251e-01
5.491497631557122894e-01
6.832019211067096309e-01
4.979870479734967437e-01
5.530888186866529388e-01
7.609811828148889123e-01
5.829534750956973932e-01
5.551023924326102810e-01
7.707074907186114432e-01
6.788379548484007042e-01
5.138352642985295482e-01
6.978336622950681578e-01
5.245324678879949021e-01
7.621448933922462254e-01
5.159051277940772673e-01
6.579015275094184378e-01
5.384260749189675455e-01
5.099386890849036957e-01
5.413162549321934858e-01
4.882459820495377856e-01
5.616031775163895512e-01
4.946281284272340262e-01
5.443211581611530070e-01
6.110665707057935103e-01
4.919833464048649074e-01
4.985037753318959375e-01
6.516330138916146542e-01
5.300837376697060677e-01
5.310608418094596717e-01
6.413288504153409342e-01
6.872175593697538165e-01
5.058698225819259209e-01
7.065227679569747732e-01
6.185396120597360659e-01
5.107031971602765674e-01
4.987681536326837306e-01
5.752245593656671874e-01
6.120112440892900851e-01
7.018501592094236186e-01
7.499599021664909992e-01
6.453786011629135677e-01
5.286296246314643454e-01
5.985716836083968539e-01
5.828947737252632155e-01
5.123377388683086897e-01
5.773910687576749856e-01
4.585541089691696492e-01
5.515196335116195892e-01
5.544569985419720570e-01
3.637519140250975447e-01
6.701741715464335503e-01
5.837163798494525713e-01
6.479155694601597126e-01
5.953563515428179631e-01
3.756184814623114154e-01
3.550638716856898136e-01
3.260135661181358668e-01
3.659001229451985249e-01
3.336122107417626714e-01
3.566018507843382590e-01
3.410261756206375283e-01
3.840435072088044244e-01
3.644474867748044855e-01
3.366478904055326127e-01
3.612072492297428439e-01
3.574859428057639010e-01
3.531917094687200276e-01
3.196914397913034889e-01
3.911069276568507336e-01
3.471472168558841775e-01
3.268580445175077731e-01
3.667479543317145319e-01
3.586075791853194916e-01
3.376290945317712566e-01
3.462870670174567622e-01
3.601022571863558563e-01
3.111167658238275791e-01
3.234690297308787654e-01
3.668386317630421001e-01
3.269692288264031688e-01
3.375671733285153797e-01
2.998124578242573057e-01
3.699417986711571738e-01
3.308610748061999174e-01
3.569225076275223674e-01
3.138958063547301891e-01
3.694243273735903221e-01
3.754944355340663620e-01
3.609055150586687466e-01
3.664710714666881697e-01
3.560354803450864192e-01
3.446022281349865324e-01
2.618753450009908557e-01
3.616609717933987889e-01
3.196969781355101792e-01
3.579579327548448875e-01
3.535185264185835563e-01
3.414111341531079757e-01
3.403287407050269997e-01
3.641734394653454721e-01
3.386914930815430047e-01
3.405405770166975432e-01
3.509968598564461861e-01
3.407945764107138675e-01
3.553746442073222878e-01
3.540982240956510041e-01
3.418742382836659766e-01
3.377898932729613279e-01
3.300058097208721786e-01
3.728427030334374170e-01
3.173452396146267951e-01
3.324991904388359121e-01
3.666867947859137611e-01
3.417692376213113947e-01
2.811248182157060627e-01
3.149837061081440237e-01
3.533609592607167560e-01
4.171522835514235861e-01
3.416937538678654351e-01
3.279051961664646297e-01
3.550287511596975643e-01
3.397634995228349664e-01
1.695009768190897992e+00
9.707873031442403695e-04
3.953760578570314488e-01
