7.215464963954276723e-01
5.353138367841356882e-01
6.160769915412656061e-01
7.923674121469956866e-01
5.239694963004499773e-01
5.390548907100933818e-01
4.817169472728996538e-01
5.975831129503534900e-01
4.918818825898325087e-01
7.385183048285188789e-01
4.961643220079266503e-01
7.439617039576443824e-01
5.092641789507230676e-01
5.401227552540671661e-01
4.961752324991014484e-01
6.853354030555919296e-01
5.673503049630265194e-01
5.632425653708997837e-01
7.904605159731761255e-01
7.932951189676417103e-01
6.948596796430780431e-01
4.964492193998853442e-01
5.496489761387264306e-01
4.925573492435937895e-01
5.074886591778559053e-01
7.803362232038506541e-01
4.987850229180420536e-01
7.698847717147855318e-01
6.406965861073410373e-01
5.722177955680985972e-01
5.106617757832524473e-01
5.082536868050361312e-01
6.041668222404212862e-01
5.018993490880547803e-01
6.651748322296341387e-01
5.144123614816782375e-01
4.832605554238839085e-01
7.778441158371054431e-01
4.612030631980555961e-01
5.354114691423376149e-01
5.197568743252523049e-01
5.250814615736871804e-01
5.005957480579685814e-01
7.296360466216343932e-01
4.984089107760842352e-01
7.087987303736170697e-01
5.264593829073092035e-01
5.692147649177284885e-01
5.092784984012952432e-01
6.587921079952014924e-01
7.075228847843132440e-01
5.005273689653828573e-01
7.701756762607072648e-01
7.815904031821406805e-01
7.098234394753500931e-01
5.085825098243617060e-01
7.058950591819461717e-01
5.270526295669147876e-01
5.087067303246998184e-01
5.060711579407897176e-01
5.084718904332571343e-01
6.494028912956246735e-01
6.197623387054082000e-01
5.761261305004417022e-01
4.945200241329683610e-01
4.911677733134761081e-01
6.053972769134914333e-01
5.360513402768635194e-01
3.434459425652242603e-01
3.850811311823070793e-01
5.457772426214295702e-01
3.336215421076308973e-01
4.108665833453560290e-01
3.636373495666258004e-01
1.989108335821242191e-01
3.556151530407836159e-01
2.495888737118192036e-01
3.328014086523948256e-01
3.618693026649204003e-01
3.397859783799598854e-01
2.687383561013874100e-01
3.144424889147709457e-01
3.014261623850518212e-01
3.429801772402794602e-01
3.544885630124333664e-01
3.594335367648408552e-01
3.349726443143611898e-01
3.345632381704986558e-01
3.322839108704694344e-01
3.287456123570184352e-01
3.295492713709577415e-01
2.018988020463970134e-01
3.707268948026736788e-01
3.196703522715286239e-01
2.726701601315504875e-01
3.176884329911269789e-01
3.445351904709690327e-01
3.426323851365593587e-01
3.161864834174467065e-01
2.777298673079315328e-01
3.651244186201996755e-01
3.347417613605769282e-01
3.515321557921067819e-01
3.828652022345154782e-01
2.483814313602322743e-01
3.355913346563864641e-01
2.942609942729117467e-01
3.659280805672157633e-01
1.918483594242020307e-01
3.629960079545331286e-01
2.510638745563995577e-01
3.335330395587226548e-01
3.207469427770922588e-01
3.452175493388732197e-01
3.939197731645615597e-01
3.333784751307177219e-01
3.285836862640225120e-01
3.398400128095929174e-01
3.400647883971558705e-01
3.426400973709796127e-01
3.363209028949486479e-01
3.346968890383058559e-01
3.294148740944268794e-01
2.998227460614144579e-01
3.226224922859139976e-01
2.045394640934983521e-01
3.645501762871860563e-01
3.246456276382078676e-01
2.705195352272505294e-01
3.309984572640420342e-01
3.459450887304867384e-01
3.529681618442332969e-01
2.720530013139030867e-01
2.662824345750933741e-01
3.535574313185513851e-01
3.919267879512129960e-01
1.741303395246229790e+00
8.950122907421757118e-04
4.918904130941997854e-01
