7.593126543070685130e-01
5.112706847962941170e-01
4.950048356662118398e-01
7.607353266778141831e-01
4.853669628075306108e-01
5.778125444838786429e-01
5.079518706405705686e-01
5.738315613639385360e-01
4.895166010836565218e-01
7.559423887079004256e-01
5.484464436895949424e-01
6.574478887224184387e-01
5.420255819119498275e-01
5.058924897681380539e-01
5.071101913314819409e-01
7.160568793340265081e-01
6.889097871276813612e-01
6.034688185368523028e-01
7.272810244958974879e-01
8.242380072925660217e-01
7.520382528970749325e-01
4.847017214788444384e-01
6.098829395436251577e-01
4.928718207778844951e-01
5.410165908684485547e-01
6.911450445235275408e-01
4.844544643430392372e-01
7.084499428364817719e-01
6.421976660612072063e-01
5.319952198467861049e-01
4.934488114976717799e-01
5.075777592238804869e-01
6.244635338410438052e-01
5.671225538700108704e-01
6.939199894508693012e-01
5.108254977875321678e-01
4.983981625003833793e-01
6.217542190965723581e-01
5.033758824110898811e-01
6.743569273663992947e-01
7.169796783531697804e-01
5.556440070343384718e-01
4.872469404021914641e-01
6.792481200101029293e-01
4.655179817458748870e-01
6.541313583756409589e-01
5.155553250727790138e-01
7.050096409239361428e-01
5.120180652268868648e-01
6.932426770073772948e-01
7.406047183937797262e-01
5.477284965527021710e-01
7.587224015336264671e-01
6.482647347968751861e-01
7.193937862677901585e-01
5.139515126969126380e-01
6.298047241324160606e-01
5.110492561412672829e-01
5.145838258672824628e-01
7.238474647135489937e-01
4.991352031658105037e-01
5.900155461154199532e-01
5.698569057554282447e-01
6.345988215368669749e-01
4.865762400917611474e-01
4.896282552177399494e-01
6.011141150033602054e-01
4.659951604933390001e-01
3.412950483342223063e-01
3.877078374286327955e-01
2.486183517005055299e-01
3.385759147556012816e-01
2.932953937400356037e-01
3.590806239073476847e-01
2.030928677223560186e-01
3.670142018771417880e-01
2.631054899402276992e-01
3.300169019765475942e-01
3.592658423386799749e-01
3.550409533497550507e-01
4.210484817901221088e-01
3.131154802256079228e-01
3.267296773589724590e-01
3.395480451814595346e-01
3.341108993838299845e-01
3.541789378495685536e-01
3.414995685487061117e-01
3.327336317088794848e-01
3.274408114735791187e-01
3.264884056903759602e-01
3.309379271366633124e-01
2.082582382988952541e-01
3.513452247251191429e-01
3.395616940382962801e-01
2.844808861562618807e-01
3.245933515148390902e-01
3.433459631442046245e-01
3.376419265048471452e-01
3.089051189722483159e-01
2.747689081052733795e-01
3.559811097103746103e-01
4.018130941370672837e-01
3.416479982126726100e-01
3.820480225804382401e-01
2.903570822069003188e-01
3.438028685423187292e-01
2.962941083144141063e-01
3.419025698658157975e-01
7.207245841712003331e-01
3.456601185738847892e-01
2.603333869708230885e-01
3.321411779130151731e-01
3.413477529732744098e-01
3.436171393776504268e-01
3.020366229165744598e-01
3.203442884570871785e-01
3.422146310246079182e-01
3.395300579803470220e-01
3.389614571906195972e-01
3.521750732211807455e-01
3.357472313013496468e-01
3.459934850048961841e-01
3.289050888499980840e-01
2.695311956744029791e-01
3.277432494059653867e-01
2.051764975443902128e-01
3.926814336769107738e-01
3.309371117248506855e-01
2.736114266219835667e-01
3.169666720347438793e-01
3.538095085786562843e-01
3.421837690585764480e-01
2.759511014688595387e-01
2.620828647211079221e-01
3.562279937669206586e-01
3.522089193708419219e-01
1.624969301223896156e+00
9.079495093107876804e-04
4.584460107286652542e-01
