6.273471082903896434e-01
5.288908979674576960e-01
6.636215285497992777e-01
7.383592123708099253e-01
4.917173610550472085e-01
6.047592429739772069e-01
5.812325692693344203e-01
6.815511829830044332e-01
6.766859379351588544e-01
7.125086970799466846e-01
6.065448332374057117e-01
6.392287176004131100e-01
6.260666904534303301e-01
7.264180462660663196e-01
5.575494861600780450e-01
6.770172837391137399e-01
6.295715432677493339e-01
5.282904616372174900e-01
5.973382032317223755e-01
6.442482944336888062e-01
6.099528318107828584e-01
6.420599318330236782e-01
5.844640994851775240e-01
6.531605476562128976e-01
5.458881789396676787e-01
6.675482932631079391e-01
5.407038786116882267e-01
5.756155964318421248e-01
6.922794058593747524e-01
6.693708197928206483e-01
5.623984911998992642e-01
4.954173319897492989e-01
6.025158164428857654e-01
6.731539990530011064e-01
6.858545438832841512e-01
6.320193830367036858e-01
5.456730524770030399e-01
7.312880644905678240e-01
5.211241507260984118e-01
6.815101214493648474e-01
5.971353454400855076e-01
6.441568386122445977e-01
6.571637367809847197e-01
7.377153410329215788e-01
6.398783042538582766e-01
7.055554042126214176e-01
6.266450735409681005e-01
5.801059801128286564e-01
5.785265117265305790e-01
7.027017358700584637e-01
5.760341737529447448e-01
5.763863911589559574e-01
6.648202300576896429e-01
6.997688614160885168e-01
7.075042329574087185e-01
7.057970344059286694e-01
6.170740339942936137e-01
6.925162600702818860e-01
5.691686007193020869e-01
7.018329005916800201e-01
6.478646201241435865e-01
6.097303587540821024e-01
6.965447399807953577e-01
6.500077057952010628e-01
5.699794703451134259e-01
5.170423410309118450e-01
5.602161885003054120e-01
6.629503812137106378e-01
3.693732868140691683e-01
3.553253019713898953e-01
3.960963388934617413e-01
3.387211773240541568e-01
3.091404486383076411e-01
3.482522347090734605e-01
3.414132559744434414e-01
3.400586651875747157e-01
3.552076448581334978e-01
3.353662531161058502e-01
3.596047188467576539e-01
3.646478756574617064e-01
3.554296291353454262e-01
3.217634690535677855e-01
3.664797395022737492e-01
3.385978604332288699e-01
3.320479581073262354e-01
3.728818114871061962e-01
3.706085233203189611e-01
3.616825028528937169e-01
3.348357541276554272e-01
3.566557438797317015e-01
3.222791711813369764e-01
3.252654762010873113e-01
3.786630113259099040e-01
3.296479401937674747e-01
2.687613630477695414e-01
3.267137903257943399e-01
3.409851002685522769e-01
3.296928855604359110e-01
3.644765183933345587e-01
3.332548692361018694e-01
3.675792727074499999e-01
3.382767791670113766e-01
3.564875176160444137e-01
3.627618814130610381e-01
3.382773891024746793e-01
3.389057952834365617e-01
3.546259155247942219e-01
3.433917897252537488e-01
3.312489228452460965e-01
3.430828858931002090e-01
3.612237624853069651e-01
3.330054219182807529e-01
3.536790485637195669e-01
3.399301408909442546e-01
3.607982990377911481e-01
3.438846319746953761e-01
3.723517677138034054e-01
3.486803979184247004e-01
3.660992457257818411e-01
3.689477843872572271e-01
3.535557939893137491e-01
3.389764244583347574e-01
3.280976708145666998e-01
3.408387249934480834e-01
3.147115733581624664e-01
3.151978262036037592e-01
3.694871497810619521e-01
3.281384627235784390e-01
3.785683015731583501e-01
3.181309173439426652e-01
3.382120159212184118e-01
3.408936889558721317e-01
3.640147108978048496e-01
3.344824028021149975e-01
3.937837223116418817e-01
3.404557003048607755e-01
1.601340203223582170e+00
9.646108487789768673e-04
3.745764919341982857e-01
