5.484872932672720802e-01
5.270936966267040225e-01
5.089179969444669327e-01
5.937147357808487680e-01
4.978831891603505144e-01
5.633494869237632985e-01
5.364559143100392502e-01
5.772896046223257027e-01
5.209196153829755982e-01
5.626099920226516060e-01
5.401178556491130767e-01
5.353928132807191931e-01
5.172213617870476954e-01
5.763731574408889058e-01
5.065423267689946885e-01
5.089029660745878481e-01
5.172322387295369417e-01
5.319865401410286410e-01
5.381350566239763156e-01
5.116479948143419776e-01
5.206499858927571278e-01
5.354261201857629660e-01
5.333619089925106804e-01
5.145510791037406495e-01
5.039584541847229593e-01
5.299652336391799112e-01
5.064442987510237026e-01
5.081863641020392119e-01
5.706173598735558850e-01
5.352690019913679542e-01
5.051616202696950220e-01
4.878265191186590966e-01
5.200970246903535710e-01
5.309261494481605226e-01
5.333660270203212095e-01
5.231732059914259159e-01
5.183738355489183602e-01
5.473581580361570609e-01
5.014703131635945832e-01
5.440691255676328719e-01
5.534372458139227291e-01
5.927629913040970422e-01
5.383985128073272008e-01
5.908019229460241828e-01
5.581912870742876676e-01
5.459839738786327334e-01
5.216282438587325210e-01
5.998381652415095688e-01
5.139618372271076430e-01
5.113948470177058780e-01
5.196488809555972477e-01
5.264159441512552551e-01
5.361649455998953595e-01
5.290091566704833159e-01
5.413411928946691987e-01
5.456434017854556728e-01
5.363954707594853488e-01
5.176228892447348739e-01
5.079254012942506780e-01
5.273067201664667358e-01
5.093656689080823252e-01
5.018260354229322484e-01
5.817906948052304905e-01
5.682288843407812262e-01
4.974996347984007028e-01
5.030911441508056914e-01
5.110907132418427423e-01
5.780583783725808944e-01
3.524331317267933583e-01
3.458901546694155837e-01
3.328099131296980984e-01
3.643236771368130733e-01
2.985206376331793199e-01
3.483146481130144911e-01
3.350396001645377653e-01
3.368261960215366835e-01
3.402311494469275055e-01
3.357244508983621145e-01
3.300342557182009418e-01
3.408163617686182367e-01
3.449321477070558251e-01
3.358698868494984779e-01
3.231109706166947482e-01
3.416879958690949848e-01
3.459896246654360907e-01
3.365382030565818861e-01
3.510196258864097807e-01
3.536159463154728844e-01
3.438186630923866227e-01
3.582719283668538979e-01
3.418742862186469611e-01
3.410205345976251579e-01
3.452772411090672677e-01
3.441651968040637111e-01
3.140962989968167363e-01
3.350777891266304986e-01
3.475691628191853177e-01
3.465479756009022805e-01
3.463553810257121723e-01
3.096857283723293275e-01
3.441914823072950158e-01
3.432415791077252920e-01
3.456796544774769497e-01
3.420577094816351638e-01
3.425173925090044258e-01
3.624693994106562012e-01
3.157797611847268926e-01
3.325797969699997858e-01
3.296231205707390588e-01
3.304728505225696389e-01
3.494321475375001262e-01
3.236098090705349373e-01
3.411659118383564282e-01
3.690028713348131872e-01
3.184297173451149376e-01
3.325145791435206166e-01
3.387292507839511080e-01
3.462054589261420734e-01
3.416576570481159592e-01
3.544894958914868721e-01
3.507102988607406213e-01
3.440123881189612320e-01
3.433125407021325737e-01
3.612701432802318258e-01
3.370753493240490895e-01
3.441929422516677994e-01
3.408399299099783009e-01
3.468104034976942085e-01
3.153668687465176479e-01
3.323347996713555408e-01
3.424015671394221028e-01
3.394214509762686349e-01
2.948727463559827622e-01
3.001124592379692535e-01
3.442752741144566309e-01
3.410349723330702854e-01
1.636484470828548199e+00
9.972189257038820576e-04
3.364615759911602777e-01
