5.425712388382852858e-01
5.269111694197667894e-01
5.298547600262702995e-01
5.082832427392807162e-01
5.014313936847976105e-01
5.460425578051797402e-01
5.479245874879281608e-01
5.721086902112113570e-01
5.168889902019284666e-01
5.303151903764120600e-01
5.319173159980480348e-01
5.346458124746412688e-01
5.240750034815572223e-01
5.765563558511873632e-01
5.079317978956069402e-01
5.032903496806231392e-01
5.199726074463875136e-01
5.292498227695383584e-01
5.314850950765787063e-01
5.257854166848575650e-01
5.146790753602481505e-01
5.403051467307458111e-01
5.159199260645007667e-01
5.188493690757939314e-01
5.184106107673173147e-01
5.309685635079059995e-01
5.112081246079446251e-01
5.198063380027729830e-01
5.420375986177448091e-01
5.491409012940257073e-01
5.145697896794064752e-01
4.896122775893156365e-01
5.196579271272441236e-01
5.280701418430758798e-01
5.236669062324248447e-01
5.370580614434731226e-01
5.328482424877984958e-01
5.609184585703772541e-01
4.980822660957334724e-01
5.416777373991762401e-01
5.288551728622239434e-01
5.781910142273796183e-01
5.396537473456399781e-01
5.179029810058011218e-01
5.373869606530445875e-01
5.361058222617335334e-01
5.292822546033727482e-01
5.698578638644875571e-01
5.130817998467958052e-01
5.134197594274126919e-01
5.158308270760936232e-01
5.134709731222220075e-01
5.327310399739502156e-01
5.403146906149474127e-01
5.273564977198575976e-01
5.409662558744889882e-01
5.191603943853594361e-01
5.162618184995630966e-01
5.191904578894509514e-01
5.273481316782601125e-01
5.066061563799025835e-01
4.953794046987162192e-01
5.628678705670268068e-01
5.252560547228574128e-01
5.025389701592849478e-01
4.966495017973345250e-01
5.134754686400428980e-01
5.691429172747045628e-01
3.468583607070414021e-01
3.379376284897590010e-01
3.236107000881133788e-01
3.482789194011182698e-01
3.059588244937979651e-01
3.413904205906434508e-01
3.330360391515864715e-01
3.422429125427528529e-01
3.399383818538783131e-01
3.419629175672668220e-01
3.505008285265338031e-01
3.391166532307784420e-01
3.360042967958074556e-01
3.359242388763746257e-01
3.385068207440253829e-01
3.406598755351910035e-01
3.514513668221618259e-01
3.477412996557492919e-01
3.543956372542287347e-01
3.495997652232450403e-01
3.408463700107974836e-01
3.565227942161434682e-01
3.428456265565098526e-01
3.403204429949843735e-01
3.436144791114538743e-01
3.543554033354213151e-01
3.163545571746088636e-01
3.341899595892046659e-01
3.390633202299811466e-01
3.403159206797284342e-01
3.507895947072685039e-01
3.197116227222251417e-01
3.544846637041931259e-01
3.305160953595947526e-01
3.524132339635987488e-01
3.533252655687302846e-01
3.282518289098417252e-01
3.587017440652363054e-01
3.195992473478241891e-01
3.501135727900506756e-01
3.376253172061123853e-01
3.518744487516585195e-01
3.511148195402838956e-01
3.407630334750217926e-01
3.538206891504421248e-01
3.654258962583759041e-01
3.391422558254299502e-01
3.398639624221747590e-01
3.425293829258380662e-01
3.510696079054527186e-01
3.512172220120717836e-01
3.426131468549172276e-01
3.378567799687949291e-01
3.516127738899798016e-01
3.442937279172960108e-01
3.524338146958482798e-01
3.428079288323400697e-01
3.388214572408260739e-01
3.419918488076928997e-01
3.523192592485477337e-01
3.156295550511749037e-01
3.388811300860655185e-01
3.546862569655376274e-01
3.460462024962658312e-01
3.000925947175719366e-01
3.092748173628253050e-01
3.436702837189887227e-01
3.413896945460768717e-01
1.640778026357588626e+00
1.004302338562062819e-03
3.391703537003825653e-01
