5.917411793876597992e-01
6.284709851859177077e-01
5.979055502035039993e-01
6.255627204692922883e-01
4.935608200349274610e-01
6.802379227012148588e-01
6.491926306530224622e-01
6.789211752572206215e-01
6.328508043336292799e-01
6.998546132856769963e-01
5.418559903659732058e-01
6.892731506239787587e-01
6.041534095620408884e-01
7.197762491550344643e-01
6.888259631584185971e-01
6.032709908378586228e-01
5.382685140376060051e-01
6.159502130146395915e-01
5.584308425439369339e-01
8.489959637264851144e-01
6.227584414783777778e-01
7.101654909157510964e-01
5.887127982951794181e-01
5.947733754140199780e-01
5.684003983063881105e-01
6.876941265028571060e-01
5.769383539125221283e-01
6.213826429280550068e-01
7.064417783573616605e-01
7.308461356344793103e-01
5.630048371953905173e-01
4.889648065946868849e-01
6.619767201226131048e-01
6.447013342564151817e-01
6.377911657334239814e-01
5.730417515020485020e-01
6.299708216001531635e-01
6.280264182454828870e-01
4.946514178616080448e-01
7.112375389686688143e-01
6.524118426547912408e-01
5.737511036492397576e-01
6.290704107917930443e-01
6.584729810770013625e-01
6.363905764093036321e-01
7.115838835676969731e-01
6.287329643173423799e-01
6.927798213620521839e-01
5.470183491481436233e-01
5.916992962697859015e-01
6.267385839201999875e-01
6.368389216879999370e-01
5.882598592637300339e-01
7.654578272552607920e-01
6.155672339478803767e-01
5.710135443264464650e-01
5.606547177810748961e-01
6.213590780446517359e-01
5.758617661257114939e-01
6.205925006236564512e-01
5.752574734910588239e-01
6.850616991579162596e-01
6.732859226963252564e-01
6.370388665823741858e-01
5.435443060700749784e-01
5.077426702971913341e-01
6.165782549712240934e-01
6.983574218732049310e-01
3.534725044658377224e-01
3.516079623455615200e-01
3.422257129018427824e-01
3.462392266193383694e-01
2.996941219599177919e-01
3.428828723902874742e-01
3.294379446994123439e-01
3.394926049701988413e-01
3.477339047149530793e-01
3.350656859447191938e-01
3.605008572419198809e-01
3.440912474491387152e-01
3.507516749081983076e-01
3.301724030070440907e-01
3.456418016976983698e-01
3.490297602487120177e-01
3.488276735694131880e-01
3.524207364540329901e-01
3.576452043531033742e-01
3.306266014225948680e-01
3.363580895490039802e-01
3.404139693896642838e-01
3.293947976900140628e-01
3.365946457550392235e-01
3.646926589649558959e-01
3.375006332950775123e-01
3.219331808082190327e-01
3.223228914753835661e-01
3.345714562893298272e-01
3.294271149643481778e-01
3.603865379563577220e-01
3.003588869067124745e-01
3.541958852584264905e-01
3.397245489601246615e-01
3.531818316162437799e-01
3.538862829484157313e-01
3.421626832427792642e-01
3.464038418436388711e-01
2.549408363911856434e-01
3.398918272374705785e-01
3.277691008355130831e-01
3.515557412102279788e-01
3.470471199965408649e-01
3.392556117645477709e-01
3.473729867309773844e-01
3.409041447352385013e-01
3.489875751870679665e-01
3.356471977980238219e-01
3.375755322583470774e-01
3.505405168803830684e-01
3.516301006616784353e-01
3.508174158373915108e-01
3.573206936362664510e-01
3.369238790568760966e-01
3.370356163793683524e-01
3.549331119862507711e-01
3.238232727411100020e-01
3.303811579514556729e-01
3.640791444595116721e-01
3.388909022241576308e-01
2.973477333906991427e-01
3.154873800982149201e-01
3.416884152679843245e-01
3.383259874337223860e-01
3.478939626121095308e-01
3.200759099866283264e-01
3.580485961871334166e-01
3.321455386853076619e-01
1.484823291838828885e+00
6.286796435306822367e-04
4.081371543584848549e-01
