5.405724967032956574e-01
9.927900990846442175e-01
5.833210601834734055e-01
5.908384557678794113e-01
4.942499340374781336e-01
4.430662488682810540e-01
6.152514820350670766e-01
5.998325410807350266e-01
5.259714731785107844e-01
6.151387746006334867e-01
5.437332861219162927e-01
5.486975601196394381e-01
5.791589047091930675e-01
6.349528170070232180e-01
6.874279817339896681e-01
5.926950877800025719e-01
5.840695027463578270e-01
5.180232938456303948e-01
5.283134165085922040e-01
5.683159779633729647e-01
4.940371179430395054e-01
5.524164664830125693e-01
5.641445127074162791e-01
5.562769018114240849e-01
8.898256190168313262e-01
6.096845395390567690e-01
5.696683163929122662e-01
5.553113617029729054e-01
5.083636541572271739e-01
6.436230000232620041e-01
4.925927069989923801e-01
5.103981334384189994e-01
6.418773373455741726e-01
5.558619238089406167e-01
5.686586358772683925e-01
5.378798683216398091e-01
5.550317349463441685e-01
5.608743075839127679e-01
5.104374136925119432e-01
5.223046064718604997e-01
6.895268322878080891e-01
5.435117810956073825e-01
5.402987804213043033e-01
5.142705678571191097e-01
5.686107692970392424e-01
6.619669946335976496e-01
5.238743692169434141e-01
6.125040927853827588e-01
5.814562972838568378e-01
6.312798563042899547e-01
5.298207587743281044e-01
4.852176995584869812e-01
5.446396061038777381e-01
5.966912706220113272e-01
5.645199576536786834e-01
5.304538136200913634e-01
5.376920822266539890e-01
6.065976199562174154e-01
5.113750872168337791e-01
5.252963363424244525e-01
5.824252561138386630e-01
6.237369380450697998e-01
5.523002643234812270e-01
5.247842283883072945e-01
5.304147004402326449e-01
5.024690916272990249e-01
5.628825849129089898e-01
5.781572035606932225e-01
3.597644321383637322e-01
3.174660402670582138e-01
3.777876603145285950e-01
3.417172518005330839e-01
2.794939083113673339e-01
3.704386449362035427e-01
3.244865649952195508e-01
3.419422082288513520e-01
3.535157280839075766e-01
3.374654707139764231e-01
3.528205902238167324e-01
3.567445799969574116e-01
3.525231350462458835e-01
3.333967491202240452e-01
3.441325711337469562e-01
3.454260372747193220e-01
3.324554151616423980e-01
3.584282585558802858e-01
3.537948526109213065e-01
3.572702918543159134e-01
3.467447286813861163e-01
3.553136971896714846e-01
3.239274158721257568e-01
3.406776851297073638e-01
3.267334997682018738e-01
3.390566779029446365e-01
3.171252504798028338e-01
3.235998125667868264e-01
3.512383324377496008e-01
3.318378156563125958e-01
3.587821868967387418e-01
3.661834965935378827e-01
3.524043053192420505e-01
3.361170669744862893e-01
3.610856005470771679e-01
3.700000254816516176e-01
3.469395230446995493e-01
3.614929883056276494e-01
3.225426195801848195e-01
3.546909499759633988e-01
3.225403544782387555e-01
3.515522622706807043e-01
3.671734604228198973e-01
3.577223400642449147e-01
3.516775471651195639e-01
3.437210292664493738e-01
3.563046691493809148e-01
3.273112730689606842e-01
3.514316103120548873e-01
3.363472208943297237e-01
3.661341034418915674e-01
2.956092262033533924e-01
3.566835763045324570e-01
3.510426584093973013e-01
3.370098769730329180e-01
3.530646545674546721e-01
3.234350073440588891e-01
3.119459884259637161e-01
3.584858465300348462e-01
3.391559894311130252e-01
2.728550382845180144e-01
3.126968478133169138e-01
3.518787186062679040e-01
3.407938013398370547e-01
3.748341895567317006e-01
2.764988375514337293e-01
3.626409885768603902e-01
3.407047955495481895e-01
1.855324286565009917e+00
6.486800018869924101e-04
4.374160847079366365e-01
