6.692159088014436596e-01
6.535739304415074669e-01
4.999146479823636802e-01
7.238416384965947747e-01
4.782622618394670178e-01
5.905723691197783953e-01
5.302383365704554929e-01
7.280179853333955675e-01
5.519620809412760787e-01
7.326503476114711866e-01
6.024981509502093102e-01
6.538719235040779676e-01
4.417499794959242609e-01
6.855983369063112232e-01
6.175845618916686597e-01
6.144969721887514336e-01
5.584722151317680350e-01
6.199887885901717022e-01
5.535765083896092564e-01
6.390033378244982520e-01
6.012463359002500063e-01
6.971036590836082736e-01
5.807390168523252072e-01
5.597494517571286465e-01
6.652969056143289706e-01
6.157333188319663586e-01
4.659769857593459297e-01
5.553576237745745381e-01
5.466770253649326783e-01
6.189458455007903481e-01
6.407039825508600295e-01
4.865962473862986415e-01
6.192180368126497525e-01
5.893486432158324684e-01
7.113517909176334530e-01
7.034720956128902580e-01
5.353273260865432093e-01
6.876458640715412685e-01
4.731213563299045410e-01
7.140962667662598129e-01
6.072075552639006890e-01
5.800045997582408130e-01
6.572721619003375482e-01
7.613940686451424744e-01
4.520262890325578153e-01
5.917275415704880137e-01
7.823425991722515738e-01
6.752427771678033430e-01
6.267118533941673508e-01
5.188412944643602254e-01
4.803856150268868697e-01
6.364219950644891544e-01
7.711739458476313258e-01
6.762382698772845258e-01
7.261917435938877174e-01
6.463946616323350547e-01
5.365990403200506798e-01
4.783678812864202712e-01
5.737954134256770811e-01
6.078236378624141123e-01
4.537488832341131650e-01
5.921785407650119737e-01
6.717733759388607728e-01
4.918777010569504449e-01
5.448269445904769803e-01
5.155782906826380518e-01
6.030699301207952390e-01
6.202584029570135105e-01
3.474048408531525411e-01
3.458604782040496373e-01
3.887211968451356192e-01
3.374005114994408916e-01
2.881254011809573634e-01
3.494269862903667812e-01
3.326823081942987259e-01
3.320421633929830918e-01
3.493058586338483318e-01
3.297363123514013838e-01
3.494315822721214548e-01
3.462305880767984623e-01
3.738226199906738434e-01
3.299853368468270709e-01
3.497086752452846503e-01
3.432537604408533727e-01
3.332399347787782795e-01
3.483951968821828449e-01
3.551750245948356310e-01
3.496524468990997447e-01
3.378207042336935917e-01
3.400681733550020014e-01
3.071420106380393089e-01
3.333452040360583291e-01
3.469091023973897014e-01
3.395294088652644482e-01
3.150626895025818164e-01
3.213336428006335899e-01
3.459093921418819328e-01
3.366916688125933255e-01
3.442776592424991455e-01
2.824295508829330337e-01
3.534935539887089639e-01
3.414945403863901552e-01
3.452352235468459929e-01
3.388861554660969611e-01
3.578819987033746153e-01
3.409495773860451995e-01
3.295554849095771455e-01
3.354782632451336344e-01
3.246850299468321821e-01
3.461301568670040463e-01
3.423456354075248287e-01
3.287589459930337354e-01
3.693565012791416025e-01
3.516865690013862289e-01
3.307682358275584877e-01
3.340476030633237059e-01
3.486841800955890469e-01
3.669464917459620557e-01
3.675270141065912766e-01
3.462421364407481938e-01
3.338672126016334896e-01
3.445220538490826323e-01
3.212496143335917820e-01
3.437583923670898822e-01
3.352904843739910601e-01
3.414437261623511355e-01
3.586303869392354904e-01
3.380864988243672542e-01
2.881469085371036742e-01
3.149828324075403807e-01
3.397253810146507180e-01
3.507203238642747078e-01
3.421281504543947638e-01
3.166391364563171940e-01
3.594612785872238758e-01
3.381467863892924641e-01
1.810410766162699359e+00
7.159675368220704906e-04
4.497000443151654703e-01
