5.321305694419837806e-01
5.755845086027128188e-01
4.303631047713324942e-01
8.167797644157264170e-01
5.256291608841630048e-01
6.305813784981778580e-01
6.519783943975362428e-01
6.507189250597055219e-01
7.184197825713027896e-01
8.226641832463770232e-01
6.750115739301151274e-01
7.256494134116031614e-01
6.273523819803025203e-01
6.367190981838087849e-01
5.421157734838680797e-01
4.293379057051773251e-01
6.123385272875706553e-01
7.322677682525617904e-01
7.230819668837734637e-01
7.471139699052455896e-01
7.444400656550493878e-01
7.769553311188777123e-01
5.194377033429118384e-01
6.613247492710703224e-01
6.005325696247781897e-01
7.468002416751755579e-01
5.817168539655934723e-01
6.190164701618399157e-01
6.753674535506987153e-01
6.437133148264385651e-01
6.386476129805610524e-01
5.192977337358611889e-01
5.842456194547439585e-01
7.298214285552931946e-01
5.365440525768793156e-01
5.952111344198994791e-01
5.737220320370922666e-01
7.897996050633844245e-01
4.824583882698058046e-01
6.856417137868719980e-01
6.131277552411004139e-01
5.934485584371271827e-01
6.847277969402995046e-01
7.425830624529932145e-01
5.263061885284567865e-01
7.676290726112545704e-01
4.903828615179167127e-01
5.525564712502176734e-01
6.551786533748608088e-01
4.052988345149129978e-01
6.151346599254841063e-01
7.232260563244015117e-01
6.848604835254739065e-01
7.483945059461072358e-01
6.812039599860244543e-01
6.977560884352104198e-01
6.262305131548363546e-01
6.964680528879561017e-01
5.471159633842118675e-01
7.180639651681247626e-01
5.815114965093085564e-01
6.401059285141088573e-01
6.401310624254527015e-01
5.480505113958256125e-01
6.294778924494783823e-01
5.098883662822432106e-01
5.393197270427700918e-01
6.700557586552022826e-01
3.655909544748907614e-01
3.587905665349627737e-01
3.314126560446605252e-01
3.310786493211104187e-01
2.797480420148126257e-01
3.472932292112658192e-01
3.174874333940365667e-01
3.437954802155305800e-01
3.397444944041360104e-01
3.267923654609167228e-01
3.485314723240252044e-01
3.410267326465896143e-01
3.421242247749592957e-01
3.307132031559168461e-01
3.517832558432795742e-01
3.451964634990730141e-01
3.436866258314072442e-01
3.423500294518949660e-01
3.423812890627753736e-01
3.402053881315916795e-01
3.285853311611223182e-01
3.352190913631968305e-01
3.273984663645902460e-01
3.303645837958276710e-01
3.556127229684713509e-01
3.306683132449844131e-01
3.269562675292356779e-01
3.283609588894225162e-01
3.376074486645679329e-01
3.445831966210204933e-01
3.523013208018201947e-01
2.903231077984890218e-01
3.624090682487603465e-01
3.323255497616707799e-01
3.641884164598482854e-01
3.535952571200969841e-01
4.034539037577324350e-01
3.331344982990753767e-01
2.631603566174777753e-01
3.421954253947823710e-01
3.287980639406500871e-01
3.537512754339897092e-01
3.411335541900296087e-01
3.331884725315318319e-01
3.668068836885453599e-01
3.352094163349758627e-01
3.276475370825364108e-01
3.329373583052968599e-01
3.503276664947776453e-01
3.226362570810359376e-01
3.550143257885885473e-01
3.424281398526359821e-01
3.447202069363448640e-01
3.389134800756217758e-01
3.335957075190605359e-01
3.439363676119621127e-01
3.159220634667156413e-01
3.264676321544658921e-01
3.603730664122997696e-01
3.296222996655887028e-01
2.927347065909395307e-01
3.189289905735459563e-01
3.459022485290539906e-01
3.578558577672225072e-01
3.511514045501849535e-01
2.615234940653824447e-01
3.575831743454184197e-01
3.355260371718060686e-01
1.470577370278859153e+00
6.606539091903435414e-04
3.485193471988622393e-01
