5.818024490164671603e-01
5.288536562902568239e-01
4.344121839404247454e-01
6.214662992018064047e-01
5.213508289972323961e-01
5.619522659025019129e-01
6.311661543961248899e-01
6.525199873042065724e-01
5.571875471386329437e-01
6.122493985992381038e-01
5.130795951219391249e-01
5.219185444007812258e-01
5.151412745939939475e-01
6.584636582414064021e-01
5.018462385671157433e-01
4.601311413679636253e-01
4.295152575474253109e-01
5.269400732947436827e-01
5.230875875742286851e-01
6.174328418774353011e-01
7.025767021615378916e-01
5.421289273830927069e-01
5.087565404936080782e-01
6.686050125457040361e-01
5.158238022005844359e-01
4.412550007982798395e-01
4.213878476489294478e-01
6.600527038567919336e-01
6.136982383067403068e-01
6.436722579198739247e-01
4.826987895485074787e-01
4.952541088337343300e-01
5.230389198624499913e-01
5.837805863662384187e-01
4.822553424752927809e-01
5.663801846338233359e-01
4.826704098256903164e-01
4.748919811041547034e-01
5.189111690000107746e-01
5.148278108676682674e-01
5.867458162005680933e-01
5.130512756527251250e-01
4.750546126775455069e-01
4.817666935026412856e-01
5.598553493294619043e-01
4.986219127899336190e-01
5.245125355652503485e-01
4.718760719839668050e-01
4.850244185776769190e-01
4.923437248395253762e-01
4.773743021834618849e-01
5.164120677627992428e-01
5.412986325667544785e-01
5.159834100577826987e-01
7.430338255869481934e-01
5.401328092418273830e-01
5.002563052197310789e-01
6.102371839053545299e-01
5.271106388848321167e-01
4.822327098602987028e-01
4.639258754991744116e-01
7.203064784184307623e-01
5.054146070400101776e-01
5.835447101406743275e-01
5.122961822986205060e-01
5.224361629524306716e-01
5.191332829071412247e-01
6.167227056562792908e-01
3.519854203497374545e-01
3.592780817717224906e-01
3.468307558616044450e-01
3.547934542846551964e-01
2.975596071164327561e-01
3.571001806681102231e-01
3.229064333710737200e-01
3.353243279045215464e-01
3.633018759534546449e-01
3.455071175488180768e-01
3.376560105462545480e-01
3.762423383965247115e-01
3.420464896791080012e-01
3.287931118604855985e-01
3.900160432507969177e-01
3.454598640633950724e-01
3.473422804318013757e-01
3.507343066699533107e-01
3.487901440320712587e-01
3.827959787287664173e-01
3.218021386315060850e-01
3.636802156927560481e-01
3.217051402047623188e-01
3.259548446673411481e-01
3.569990904140756816e-01
3.462473409922816048e-01
3.073338450223461749e-01
3.104637983227468423e-01
3.361572940672045151e-01
3.303558905367672272e-01
3.228385713352075470e-01
3.085105793035928801e-01
3.601581823825462658e-01
3.335948105323234825e-01
3.823442345764763717e-01
3.680181528323390738e-01
3.377331493969842335e-01
3.914687184011179655e-01
3.431788760514692393e-01
3.718571614683587878e-01
3.373540015624534871e-01
3.703353843834622516e-01
3.776561439918722507e-01
3.814192401466073301e-01
3.509311057181541682e-01
3.632977384064666748e-01
3.293640360020917979e-01
3.596010015510074931e-01
3.606585650618816530e-01
3.394950383187289034e-01
3.405130738487292530e-01
3.351653435141981885e-01
3.506419841142420224e-01
4.071373628636567044e-01
3.273574685088039282e-01
3.644774099382420141e-01
3.227893937498199639e-01
3.299084788300363225e-01
3.517920789776968760e-01
3.424316537147026329e-01
3.120458022716677826e-01
3.145887232261032618e-01
3.558039301343495220e-01
3.502273508923601786e-01
2.949926178222603834e-01
3.116455402641579719e-01
3.633003882169831833e-01
3.435087796731403631e-01
1.697079841261985855e+00
9.515385393057590501e-04
3.358345863637072770e-01
